         1        92   0.00000000E+00   0.30000000E+00   0.70000000E+00   0.80000000E+00   0.96000000E+00   0.45000000E-01  ---------------   0.27000000E+01  ---------------      0.70000000E+00                                 
   0.00000000E+00   0.10000000E+08   0.21312165E+02   0.28071199E+14   0.43976110E-02   0.31277123E+01   0.89837960E+06   0.10532560E+17   0.20634276E-03   0.43278333E+01   0.88825795E+07   0.16322089E+02   0.55508000E+14   0.10863078E+08   0.26073935E+02   0.16652400E+14   0.94288915E+10
   0.00000000E+00   0.12589254E+08   0.21118357E+02   0.28071199E+14   0.47484311E-02   0.33772261E+01   0.11353928E+07   0.10287689E+17   0.22484851E-03   0.46608299E+01   0.11177580E+08   0.16171285E+02   0.55508000E+14   0.13679710E+08   0.25839283E+02   0.16652400E+14   0.94288915E+10
   0.00000000E+00   0.15848932E+08   0.20921823E+02   0.28071199E+14   0.51272380E-02   0.36466448E+01   0.14350839E+07   0.10043087E+17   0.24506650E-03   0.50191697E+01   0.14065399E+08   0.16018383E+02   0.55508000E+14   0.17226844E+08   0.25601347E+02   0.16652400E+14   0.94288915E+10
   0.00000000E+00   0.19952623E+08   0.20724055E+02   0.28071199E+14   0.55362642E-02   0.39375565E+01   0.18140173E+07   0.98006978E+16   0.26714193E-03   0.54048654E+01   0.17699118E+08   0.15864525E+02   0.55508000E+14   0.21693915E+08   0.25361918E+02   0.16652400E+14   0.94288915E+10
   0.00000000E+00   0.25118864E+08   0.20525059E+02   0.28071199E+14   0.59779206E-02   0.42516757E+01   0.22931864E+07   0.95605740E+16   0.29124986E-03   0.58199871E+01   0.22271318E+08   0.15709711E+02   0.55508000E+14   0.27319508E+08   0.25120990E+02   0.16652400E+14   0.94288915E+10
   0.00000000E+00   0.31622777E+08   0.20321104E+02   0.28071199E+14   0.64548102E-02   0.45908538E+01   0.28993887E+07   0.93183639E+16   0.31764073E-03   0.62664321E+01   0.28024104E+08   0.15551048E+02   0.55508000E+14   0.34404246E+08   0.24874022E+02   0.16652400E+14   0.94288915E+10
   0.00000000E+00   0.39810717E+08   0.20115195E+02   0.28071199E+14   0.69697437E-02   0.49570899E+01   0.36662073E+07   0.90778095E+16   0.34649149E-03   0.67467936E+01   0.35262407E+08   0.15390876E+02   0.55508000E+14   0.43326631E+08   0.24624679E+02   0.16652400E+14   0.94288915E+10
   0.00000000E+00   0.50118723E+08   0.19908112E+02   0.28071199E+14   0.75257561E-02   0.53525426E+01   0.46362308E+07   0.88398848E+16   0.37802460E-03   0.72636966E+01   0.44369771E+08   0.15229802E+02   0.55508000E+14   0.54563355E+08   0.24373906E+02   0.16652400E+14   0.94288915E+10
   0.00000000E+00   0.63095734E+08   0.19698434E+02   0.28071199E+14   0.81261245E-02   0.57795426E+01   0.58636133E+07   0.86030368E+16   0.41252642E-03   0.78197340E+01   0.55828468E+08   0.15066721E+02   0.55508000E+14   0.68715016E+08   0.24119981E+02   0.16652400E+14   0.94288915E+10
   0.00000000E+00   0.79432823E+08   0.19484349E+02   0.28071199E+14   0.87743874E-02   0.62406065E+01   0.74171537E+07   0.83653927E+16   0.45033002E-03   0.84176021E+01   0.70244971E+08   0.14900223E+02   0.55508000E+14   0.86538271E+08   0.23860709E+02   0.16652400E+14   0.94288915E+10
   0.00000000E+00   0.10000000E+09   0.19269874E+02   0.28071199E+14   0.94743656E-02   0.67384519E+01   0.93830455E+07   0.81315208E+16   0.49166724E-03   0.90609030E+01   0.88383251E+08   0.14733434E+02   0.55508000E+14   0.10898530E+09   0.23600954E+02   0.16652400E+14   0.94288915E+10
   0.00000000E+00   0.12589254E+09   0.19055625E+02   0.28071199E+14   0.10230185E-01   0.72760130E+01   0.11870794E+08   0.79020666E+16   0.53685905E-03   0.97531509E+01   0.11120403E+09   0.14566834E+02   0.55508000E+14   0.13725571E+09   0.23341461E+02   0.16652400E+14   0.94288915E+10
   0.00000000E+00   0.15848932E+09   0.18837659E+02   0.28071199E+14   0.11046299E-01   0.78564581E+01   0.15020557E+08   0.76728761E+16   0.58639448E-03   0.10497437E+02   0.13991427E+09   0.14397356E+02   0.55508000E+14   0.17286173E+09   0.23077456E+02   0.16652400E+14   0.94288915E+10
   0.00000000E+00   0.19952623E+09   0.18620041E+02   0.28071199E+14   0.11927520E-01   0.84832083E+01   0.19007424E+08   0.74482886E+16   0.64057430E-03   0.11298273E+02   0.17603498E+09   0.14228160E+02   0.55508000E+14   0.21770588E+09   0.22813858E+02   0.16652400E+14   0.94288915E+10
   0.00000000E+00   0.25118864E+09   0.18403174E+02   0.28071199E+14   0.12879039E-01   0.91599577E+01   0.24054035E+08   0.72286542E+16   0.69982709E-03   0.12160006E+02   0.22147864E+09   0.14059562E+02   0.55508000E+14   0.27418532E+09   0.22551157E+02   0.16652400E+14   0.94288915E+10
   0.00000000E+00   0.31622777E+09   0.18182707E+02   0.28071199E+14   0.13906467E-01   0.98906948E+01   0.30445790E+08   0.70096160E+16   0.76481828E-03   0.13086385E+02   0.27864744E+09   0.13888181E+02   0.55508000E+14   0.34532231E+09   0.22284085E+02   0.16652400E+14   0.94288915E+10
   0.00000000E+00   0.39810717E+09   0.17962470E+02   0.28071199E+14   0.15015858E-01   0.10679727E+02   0.38539181E+08   0.67950392E+16   0.83595730E-03   0.14082975E+02   0.35056866E+09   0.13716991E+02   0.55508000E+14   0.43491910E+09   0.22017276E+02   0.16652400E+14   0.94288915E+10
   0.00000000E+00   0.50118723E+09   0.17742827E+02   0.28071199E+14   0.16213750E-01   0.11531703E+02   0.48787730E+08   0.65852221E+16   0.91381998E-03   0.15155148E+02   0.44104838E+09   0.13546279E+02   0.55508000E+14   0.54776652E+09   0.21751173E+02   0.16652400E+14   0.94288915E+10
   0.00000000E+00   0.63095734E+09   0.17519653E+02   0.28071199E+14   0.17507205E-01   0.12451647E+02   0.61773029E+08   0.63762700E+16   0.99928949E-03   0.16307560E+02   0.55486704E+09   0.13372838E+02   0.55508000E+14   0.68990521E+09   0.21480778E+02   0.16652400E+14   0.94288915E+10
   0.00000000E+00   0.79432823E+09   0.17296867E+02   0.28071199E+14   0.18903845E-01   0.13444979E+02   0.78221428E+08   0.61719081E+16   0.10929057E-02   0.17547156E+02   0.69804913E+09   0.13199716E+02   0.55508000E+14   0.86893451E+09   0.21210839E+02   0.16652400E+14   0.94288915E+10
   0.00000000E+00   0.10000000E+10   0.17074342E+02   0.28071199E+14   0.20411902E-01   0.14517555E+02   0.99058959E+08   0.59719620E+16   0.11954722E-02   0.18880450E+02   0.87816612E+09   0.13026808E+02   0.55508000E+14   0.10944315E+10   0.20941199E+02   0.16652400E+14   0.94288915E+10
   0.00000000E+00   0.12589254E+10   0.16848493E+02   0.28071199E+14   0.22040265E-01   0.15675695E+02   0.12547195E+09   0.57732611E+16   0.13081446E-02   0.20313308E+02   0.11047254E+10   0.12851317E+02   0.55508000E+14   0.13784706E+10   0.20667516E+02   0.16652400E+14   0.94288915E+10
   0.00000000E+00   0.15848932E+10   0.16623536E+02   0.28071199E+14   0.23798530E-01   0.16926226E+02   0.15894144E+09   0.55795443E+16   0.14316166E-02   0.21854477E+02   0.13897164E+10   0.12676536E+02   0.55508000E+14   0.17362377E+10   0.20394881E+02   0.16652400E+14   0.94288915E+10
   0.00000000E+00   0.19952623E+10   0.16397418E+02   0.28071199E+14   0.25697062E-01   0.18276518E+02   0.20136846E+09   0.53890129E+16   0.15671407E-02   0.23511316E+02   0.17481932E+10   0.12500875E+02   0.55508000E+14   0.21868870E+10   0.20120818E+02   0.16652400E+14   0.94288915E+10
   0.00000000E+00   0.25118864E+10   0.16169711E+02   0.28071199E+14   0.27747049E-01   0.19734531E+02   0.25516283E+09   0.52013431E+16   0.17159892E-02   0.25292201E+02   0.21990975E+10   0.12324015E+02   0.55508000E+14   0.27545556E+10   0.19844834E+02   0.16652400E+14   0.94288915E+10
   0.00000000E+00   0.31622777E+10   0.15942670E+02   0.28071199E+14   0.29960575E-01   0.21308856E+02   0.32336209E+09   0.50183805E+16   0.18792696E-02   0.27207285E+02   0.27662502E+10   0.12147680E+02   0.55508000E+14   0.34696140E+10   0.19569639E+02   0.16652400E+14   0.94288915E+10
   0.00000000E+00   0.39810717E+10   0.15713128E+02   0.28071199E+14   0.32350684E-01   0.23008773E+02   0.40987282E+09   0.48375826E+16   0.20588316E-02   0.29265055E+02   0.34795580E+10   0.11969402E+02   0.55508000E+14   0.43703747E+10   0.19291392E+02   0.16652400E+14   0.94288915E+10
   0.00000000E+00   0.50118723E+10   0.15483685E+02   0.28071199E+14   0.34931466E-01   0.24844302E+02   0.51959726E+09   0.46610226E+16   0.22560175E-02   0.31477294E+02   0.43767166E+10   0.11791225E+02   0.55508000E+14   0.55050338E+10   0.19013222E+02   0.16652400E+14   0.94288915E+10
   0.00000000E+00   0.63095734E+10   0.15253669E+02   0.28071199E+14   0.37718129E-01   0.26826260E+02   0.65879977E+09   0.44881542E+16   0.24727249E-02   0.33855094E+02   0.55051072E+10   0.11612651E+02   0.55508000E+14   0.69344146E+10   0.18734365E+02   0.16652400E+14   0.94288915E+10
   0.00000000E+00   0.79432823E+10   0.15022061E+02   0.28071199E+14   0.40727099E-01   0.28966329E+02   0.83546005E+09   0.43182286E+16   0.27111524E-02   0.36410033E+02   0.69241538E+10   0.11432825E+02   0.55508000E+14   0.87350904E+10   0.18453555E+02   0.16652400E+14   0.94288915E+10
   0.00000000E+00   0.10000000E+11   0.14791401E+02   0.28071199E+14   0.43976110E-01   0.31277123E+02   0.10596232E+10   0.41530842E+16   0.29730861E-02   0.39156799E+02   0.87088220E+10   0.11253758E+02   0.55508000E+14   0.11003455E+11   0.18173854E+02   0.16652400E+14   0.94288915E+10
   0.00000000E+00   0.12589254E+11   0.14557745E+02   0.28071199E+14   0.47484311E-01   0.33772261E+02   0.13442788E+10   0.39899096E+16   0.32617902E-02   0.42106764E+02   0.10953147E+11   0.11072411E+02   0.55508000E+14   0.13861252E+11   0.17890521E+02   0.16652400E+14   0.94288915E+10
   0.00000000E+00   0.15848932E+11   0.14325423E+02   0.28071199E+14   0.51272380E-01   0.36466448E+02   0.17056149E+10   0.38317280E+16   0.35791181E-02   0.45278047E+02   0.13775472E+11   0.10892094E+02   0.55508000E+14   0.17461485E+11   0.17608778E+02   0.16652400E+14   0.94288915E+10
   0.00000000E+00   0.19952623E+11   0.14090946E+02   0.28071199E+14   0.55362642E-01   0.39375565E+02   0.21646145E+10   0.36761431E+16   0.39289513E-02   0.48684102E+02   0.17324500E+11   0.10710149E+02   0.55508000E+14   0.21997297E+11   0.17324391E+02   0.16652400E+14   0.94288915E+10
   0.00000000E+00   0.25118864E+11   0.13857078E+02   0.28071199E+14   0.59779206E-01   0.42516757E+02   0.27475823E+10   0.35249831E+16   0.43139835E-02   0.52344531E+02   0.21787183E+11   0.10528677E+02   0.55508000E+14   0.27711834E+11   0.17040727E+02   0.16652400E+14   0.94288915E+10
   0.00000000E+00   0.31622777E+11   0.13622089E+02   0.28071199E+14   0.64548102E-01   0.45908538E+02   0.34883602E+10   0.33770992E+16   0.47384877E-02   0.56276358E+02   0.27398587E+11   0.10346375E+02   0.55508000E+14   0.34911658E+11   0.16755675E+02   0.16652400E+14   0.94288915E+10
   0.00000000E+00   0.39810717E+11   0.13386870E+02   0.28071199E+14   0.69697437E-01   0.49570899E+02   0.44297858E+10   0.32330410E+16   0.52064027E-02   0.60500322E+02   0.34453967E+11   0.10163905E+02   0.55508000E+14   0.43983013E+11   0.16470322E+02   0.16652400E+14   0.94288915E+10
   0.00000000E+00   0.50118723E+11   0.13151029E+02   0.28071199E+14   0.75257561E-01   0.53525426E+02   0.56265918E+10   0.30925446E+16   0.57225606E-02   0.65037331E+02   0.43324715E+11   0.99809858E+01   0.55508000E+14   0.55412715E+11   0.16184188E+02   0.16652400E+14   0.94288915E+10
   0.00000000E+00   0.63095734E+11   0.12915151E+02   0.28071199E+14   0.81261245E-01   0.57795426E+02   0.71483226E+10   0.29559287E+16   0.62919315E-02   0.69910963E+02   0.54477381E+11   0.97980584E+01   0.55508000E+14   0.69814119E+11   0.15897980E+02   0.16652400E+14   0.94288915E+10
   0.00000000E+00   0.79432823E+11   0.12678802E+02   0.28071199E+14   0.87743874E-01   0.62406065E+02   0.90838669E+10   0.28229084E+16   0.69205176E-02   0.75145209E+02   0.68498296E+11   0.96147931E+01   0.55508000E+14   0.87960647E+11   0.15611180E+02   0.16652400E+14   0.94288915E+10
   0.00000000E+00   0.10000000E+12   0.12442357E+02   0.28071199E+14   0.94743656E-01   0.67384519E+02   0.11546324E+11   0.26936616E+16   0.76146068E-02   0.80766883E+02   0.86124369E+11   0.94314789E+01   0.55508000E+14   0.11082647E+12   0.15324225E+02   0.16652400E+14   0.94288915E+10
   0.00000000E+00   0.12589254E+12   0.12205331E+02   0.28071199E+14   0.10230185E+00   0.72760130E+02   0.14680366E+11   0.25678929E+16   0.83817348E-02   0.86803391E+02   0.10828141E+12   0.92477481E+01   0.55508000E+14   0.13964053E+12   0.15036546E+02   0.16652400E+14   0.94288915E+10
   0.00000000E+00   0.15848932E+12   0.11969028E+02   0.28071199E+14   0.11046299E+00   0.78564581E+02   0.18669457E+11   0.24462436E+16   0.92290695E-02   0.93287208E+02   0.13613307E+12   0.90645982E+01   0.55508000E+14   0.17595047E+12   0.14749719E+02   0.16652400E+14   0.94288915E+10
   0.00000000E+00   0.19952623E+12   0.11731851E+02   0.28071199E+14   0.11927520E+00   0.84832083E+02   0.23749995E+11   0.23278472E+16   0.10166784E-01   0.10024787E+03   0.17113986E+12   0.88807993E+01   0.55508000E+14   0.22170870E+12   0.14461794E+02   0.16652400E+14   0.94288915E+10
   0.00000000E+00   0.25118864E+12   0.11496093E+02   0.28071199E+14   0.12879039E+00   0.91599577E+02   0.30219968E+11   0.22137888E+16   0.11202970E-01   0.10772478E+03   0.21514089E+12   0.86981401E+01   0.55508000E+14   0.27937314E+12   0.14175549E+02   0.16652400E+14   0.94288915E+10
   0.00000000E+00   0.31622777E+12   0.11258775E+02   0.28071199E+14   0.13906467E+00   0.98906948E+02   0.38466983E+11   0.21025819E+16   0.12351669E-01   0.11574879E+03   0.27043881E+12   0.85143066E+01   0.55508000E+14   0.35205031E+12   0.13887394E+02   0.16652400E+14   0.94288915E+10
   0.00000000E+00   0.39810717E+12   0.11022979E+02   0.28071199E+14   0.15015858E+00   0.10679727E+03   0.48976803E+11   0.19956241E+16   0.13622322E-01   0.12436691E+03   0.33993364E+12   0.83316720E+01   0.55508000E+14   0.44364616E+12   0.13601055E+02   0.16652400E+14   0.94288915E+10
   0.00000000E+00   0.50118723E+12   0.10786906E+02   0.28071199E+14   0.16213750E+00   0.11531703E+03   0.62379870E+11   0.18920233E+16   0.15030955E-01   0.13361775E+03   0.42726168E+12   0.81488565E+01   0.55508000E+14   0.55909370E+12   0.13314345E+02   0.16652400E+14   0.94288915E+10
   0.00000000E+00   0.63095734E+12   0.10551389E+02   0.28071199E+14   0.17507205E+00   0.12451647E+03   0.79476711E+11   0.17920914E+16   0.16592322E-01   0.14354946E+03   0.53699408E+12   0.79665069E+01   0.55508000E+14   0.70460813E+12   0.13028275E+02   0.16652400E+14   0.94288915E+10
   0.00000000E+00   0.79432823E+12   0.10317459E+02   0.28071199E+14   0.18903845E+00   0.13444979E+03   0.10128850E+12   0.16961713E+16   0.18322191E-01   0.15421498E+03   0.67487411E+12   0.77854215E+01   0.55508000E+14   0.88802218E+12   0.12744087E+02   0.16652400E+14   0.94288915E+10
   0.00000000E+00   0.10000000E+13   0.10082821E+02   0.28071199E+14   0.20411902E+00   0.14517555E+03   0.12914137E+12   0.16032558E+16   0.20244238E-01   0.16565982E+03   0.84809620E+12   0.76038266E+01   0.55508000E+14   0.11192310E+13   0.12459004E+02   0.16652400E+14   0.94288915E+10
   0.00000000E+00   0.12589254E+13   0.98498329E+01   0.28071199E+14   0.22040265E+00   0.15675695E+03   0.16470575E+12   0.15142120E+16   0.22376283E-01   0.17794902E+03   0.10657190E+13   0.74235486E+01   0.55508000E+14   0.14106897E+13   0.12175891E+02   0.16652400E+14   0.94288915E+10
   0.00000000E+00   0.15848932E+13   0.96180376E+01   0.28071199E+14   0.23798530E+00   0.16926226E+03   0.21013977E+12   0.14287590E+16   0.24743645E-01   0.19114260E+03   0.13390989E+13   0.72442341E+01   0.55508000E+14   0.17781197E+13   0.11894189E+02   0.16652400E+14   0.94288915E+10
   0.00000000E+00   0.19952623E+13   0.93864189E+01   0.28071199E+14   0.25697062E+00   0.18276518E+03   0.26822454E+12   0.13464482E+16   0.27376854E-01   0.20530177E+03   0.16824677E+13   0.70650836E+01   0.55508000E+14   0.22413597E+13   0.11612663E+02   0.16652400E+14   0.94288915E+10
   0.00000000E+00   0.25118864E+13   0.91566004E+01   0.28071199E+14   0.27747049E+00   0.19734531E+03   0.34248904E+12   0.12677710E+16   0.30302785E-01   0.22050441E+03   0.21137399E+13   0.68873672E+01   0.55508000E+14   0.28253941E+13   0.11333272E+02   0.16652400E+14   0.94288915E+10
   0.00000000E+00   0.31622777E+13   0.89285550E+01   0.28071199E+14   0.29960575E+00   0.21308856E+03   0.43748292E+12   0.11926032E+16   0.33555905E-01   0.23682703E+03   0.26553731E+13   0.67110657E+01   0.55508000E+14   0.35617650E+13   0.11055990E+02   0.16652400E+14   0.94288915E+10
   0.00000000E+00   0.39810717E+13   0.87008820E+01   0.28071199E+14   0.32350684E+00   0.23008773E+03   0.55910176E+12   0.11203973E+16   0.37180925E-01   0.25434344E+03   0.33355122E+13   0.65351052E+01   0.55508000E+14   0.44903093E+13   0.10779122E+02   0.16652400E+14   0.94288915E+10
   0.00000000E+00   0.50118723E+13   0.84752300E+01   0.28071199E+14   0.34931466E+00   0.24844302E+03   0.71482438E+12   0.10515869E+16   0.41215950E-01   0.27315064E+03   0.41895156E+13   0.63607436E+01   0.55508000E+14   0.56612280E+13   0.10504686E+02   0.16652400E+14   0.94288915E+10
   0.00000000E+00   0.63095734E+13   0.82516336E+01   0.28071199E+14   0.37718129E+00   0.26826260E+03   0.91431182E+12   0.98606486E+15   0.45709893E-01   0.29334404E+03   0.52617374E+13   0.61880164E+01   0.55508000E+14   0.71378422E+13   0.10232701E+02   0.16652400E+14   0.94288915E+10
   0.00000000E+00   0.79432823E+13   0.80299363E+01   0.28071199E+14   0.40727099E+00   0.28966329E+03   0.11700119E+13   0.92367227E+15   0.50719081E-01   0.31502473E+03   0.66077799E+13   0.60168024E+01   0.55508000E+14   0.90000106E+13   0.99629469E+01   0.16652400E+14   0.94288915E+10
   0.00000000E+00   0.10000000E+14   0.78096184E+01   0.28071199E+14   0.43976110E+00   0.31277123E+03   0.14980123E+13   0.86416398E+15   0.56310190E-01   0.33829798E+03   0.82973408E+13   0.58467059E+01   0.55508000E+14   0.11348818E+14   0.96948568E+01   0.16652400E+14   0.94288915E+10
   0.00000000E+00   0.12589254E+14   0.75916625E+01   0.28071199E+14   0.47484311E+00   0.33772261E+03   0.19188836E+13   0.80770107E+15   0.62547974E-01   0.36328954E+03   0.10417891E+14   0.56784782E+01   0.55508000E+14   0.14311377E+14   0.94295740E+01   0.16652400E+14   0.94288915E+10
   0.00000000E+00   0.15848932E+14   0.73761453E+01   0.28071199E+14   0.51272380E+00   0.36466448E+03   0.24592218E+13   0.75418419E+15   0.69511076E-01   0.39012793E+03   0.13079131E+14   0.55121905E+01   0.55508000E+14   0.18048446E+14   0.91672156E+01   0.16652400E+14   0.94288915E+10
   0.00000000E+00   0.19952623E+14   0.71633217E+01   0.28071199E+14   0.55362642E+00   0.39375565E+03   0.31532888E+13   0.70355566E+15   0.77286270E-01   0.41895358E+03   0.16418376E+14   0.53480195E+01   0.55508000E+14   0.22762750E+14   0.89080793E+01   0.16652400E+14   0.94288915E+10
   0.00000000E+00   0.25118864E+14   0.69531002E+01   0.28071199E+14   0.59779206E+00   0.42516757E+03   0.40453949E+13   0.65567363E+15   0.85974895E-01   0.44991434E+03   0.20608224E+14   0.51859358E+01   0.55508000E+14   0.28710407E+14   0.86520624E+01   0.16652400E+14   0.94288915E+10
   0.00000000E+00   0.31622777E+14   0.67450701E+01   0.28071199E+14   0.64548102E+00   0.45908538E+03   0.51929954E+13   0.61033557E+15   0.95696710E-01   0.48316522E+03   0.25863752E+14   0.50255713E+01   0.55508000E+14   0.36214810E+14   0.83986583E+01   0.16652400E+14   0.94288915E+10
   0.00000000E+00   0.39810717E+14   0.65399215E+01   0.28071199E+14   0.69697437E+00   0.49570899E+03   0.66699052E+13   0.56758198E+15   0.10657228E+00   0.51888713E+03   0.32455773E+14   0.48674890E+01   0.55508000E+14   0.45683938E+14   0.81487017E+01   0.16652400E+14   0.94288915E+10
   0.00000000E+00   0.50118723E+14   0.63377621E+01   0.28071199E+14   0.75257561E+00   0.53525426E+03   0.85718228E+13   0.52731767E+15   0.11874469E+00   0.55726875E+03   0.40723162E+14   0.47117788E+01   0.55508000E+14   0.57633508E+14   0.79023391E+01   0.16652400E+14   0.94288915E+10
   0.00000000E+00   0.63095734E+14   0.61387449E+01   0.28071199E+14   0.81261245E+00   0.57795426E+03   0.11022584E+14   0.48945585E+15   0.13237436E+00   0.59851490E+03   0.51089842E+14   0.45585449E+01   0.55508000E+14   0.72714455E+14   0.76597492E+01   0.16652400E+14   0.94288915E+10
   0.00000000E+00   0.79432823E+14   0.59433862E+01   0.28071199E+14   0.87743874E+00   0.62406065E+03   0.14181977E+14   0.45397293E+15   0.14763280E+00   0.64285372E+03   0.64087377E+14   0.44081860E+01   0.55508000E+14   0.91748314E+14   0.74215512E+01   0.16652400E+14   0.94288915E+10
   0.00000000E+00   0.10000000E+15   0.57518878E+01   0.28071199E+14   0.94743656E+00   0.67384519E+03   0.18257105E+14   0.42077940E+15   0.16471750E+00   0.69052799E+03   0.80381230E+14   0.42608582E+01   0.55508000E+14   0.11577290E+15   0.71879894E+01   0.16652400E+14   0.94288915E+10
   0.00000000E+00   0.12589254E+15   0.55647120E+01   0.28071199E+14   0.10230185E+01   0.72760130E+03   0.23515368E+14   0.38982634E+15   0.18384033E+00   0.74180661E+03   0.10080566E+15   0.41169234E+01   0.55508000E+14   0.14610004E+15   0.69596518E+01   0.16652400E+14   0.94288915E+10
   0.00000000E+00   0.15848932E+15   0.53828177E+01   0.28071199E+14   0.11046299E+01   0.78564581E+03   0.30300270E+14   0.36113273E+15   0.20521407E+00   0.79699370E+03   0.12640659E+15   0.39771139E+01   0.55508000E+14   0.18438355E+15   0.67377015E+01   0.16652400E+14   0.94288915E+10
   0.00000000E+00   0.19952623E+15   0.52079328E+01   0.28071199E+14   0.11927520E+01   0.84832083E+03   0.39048995E+14   0.33480915E+15   0.22902599E+00   0.85644160E+03   0.15849895E+15   0.38427544E+01   0.55508000E+14   0.23270781E+15   0.65242471E+01   0.16652400E+14   0.94288915E+10
   0.00000000E+00   0.25118864E+15   0.50417112E+01   0.28071199E+14   0.12879039E+01   0.91599577E+03   0.50317581E+14   0.31091738E+15   0.25544976E+00   0.92053929E+03   0.19873588E+15   0.37151115E+01   0.55508000E+14   0.29369804E+15   0.63212993E+01   0.16652400E+14   0.94288915E+10
   0.00000000E+00   0.31622777E+15   0.48861472E+01   0.28071199E+14   0.13906467E+01   0.98906948E+03   0.64805321E+14   0.28953538E+15   0.28461007E+00   0.98972697E+03   0.24919825E+15   0.35956991E+01   0.55508000E+14   0.37065872E+15   0.61313014E+01   0.16652400E+14   0.94288915E+10
   0.00000000E+00   0.39810717E+15   0.47434614E+01   0.28071199E+14   0.15015858E+01   0.10679727E+04   0.83382695E+14   0.27074059E+15   0.31655908E+00   0.10645003E+04   0.31251796E+15   0.34862256E+01   0.55508000E+14   0.46774960E+15   0.59570039E+01   0.16652400E+14   0.94288915E+10
   0.00000000E+00   0.50118723E+15   0.46150720E+01   0.28071199E+14   0.16213750E+01   0.11531703E+04   0.10713660E+15   0.25448644E+15   0.35132171E+00   0.11453854E+04   0.39201522E+15   0.33877752E+01   0.55508000E+14   0.59018551E+15   0.58001074E+01   0.16652400E+14   0.94288915E+10
   0.00000000E+00   0.63095734E+15   0.45016579E+01   0.28071199E+14   0.17507205E+01   0.12451647E+04   0.13742204E+15   0.24063854E+15   0.38890571E+00   0.12329380E+04   0.49186783E+15   0.33008345E+01   0.55508000E+14   0.74454421E+15   0.56614893E+01   0.16652400E+14   0.94288915E+10
   0.00000000E+00   0.79432823E+15   0.44034482E+01   0.28071199E+14   0.18903845E+01   0.13444979E+04   0.17592191E+15   0.22902872E+15   0.42929641E+00   0.13277507E+04   0.61736143E+15   0.32255802E+01   0.55508000E+14   0.93907781E+15   0.55414249E+01   0.16652400E+14   0.94288915E+10
   0.00000000E+00   0.10000000E+16   0.43198001E+01   0.28071199E+14   0.20411902E+01   0.14517555E+04   0.22474322E+15   0.21941630E+15   0.47251960E+00   0.14304365E+04   0.77515281E+15   0.31615099E+01   0.55508000E+14   0.11841754E+16   0.54391417E+01   0.16652400E+14   0.94288915E+10
   0.00000000E+00   0.12589254E+16   0.42499899E+01   0.28071199E+14   0.22040265E+01   0.15675695E+04   0.28650538E+15   0.21158643E+15   0.51859570E+00   0.15416548E+04   0.97363109E+15   0.31080488E+01   0.55508000E+14   0.14928987E+16   0.53537660E+01   0.16652400E+14   0.94288915E+10
   0.00000000E+00   0.15848932E+16   0.41928263E+01   0.28071199E+14   0.23798530E+01   0.16926226E+04   0.36449022E+15   0.20530420E+15   0.56760115E+00   0.16620976E+04   0.12233856E+16   0.30642895E+01   0.55508000E+14   0.18816778E+16   0.52838442E+01   0.16652400E+14   0.94288915E+10
   0.00000000E+00   0.19952623E+16   0.41469055E+01   0.28071199E+14   0.25697062E+01   0.18276518E+04   0.46281402E+15   0.20034119E+15   0.61966838E+00   0.17924984E+04   0.15377335E+16   0.30291419E+01   0.55508000E+14   0.23711966E+16   0.52276684E+01   0.16652400E+14   0.94288915E+10
   0.00000000E+00   0.25118864E+16   0.41106865E+01   0.28071199E+14   0.27747049E+01   0.19734531E+04   0.58665358E+15   0.19647900E+15   0.67499794E+00   0.19336365E+04   0.19334470E+16   0.30014210E+01   0.55508000E+14   0.29874911E+16   0.51833588E+01   0.16652400E+14   0.94288915E+10
   0.00000000E+00   0.31622777E+16   0.40825972E+01   0.28071199E+14   0.29960575E+01   0.21308856E+04   0.74253058E+15   0.19351529E+15   0.73386066E+00   0.20863424E+04   0.24316656E+16   0.29799315E+01   0.55508000E+14   0.37633149E+16   0.51489827E+01   0.16652400E+14   0.94288915E+10
   0.00000000E+00   0.39810717E+16   0.40611373E+01   0.28071199E+14   0.32350684E+01   0.23008773E+04   0.93866699E+15   0.19126957E+15   0.79659175E+00   0.22515058E+04   0.30589429E+16   0.29635113E+01   0.55508000E+14   0.47399918E+16   0.51227312E+01   0.16652400E+14   0.94288915E+10
   0.00000000E+00   0.50118723E+16   0.40449474E+01   0.28071199E+14   0.34931466E+01   0.24844302E+04   0.11854307E+16   0.18958594E+15   0.86358269E+00   0.24300842E+04   0.38487783E+16   0.29511343E+01   0.55508000E+14   0.59694217E+16   0.51029151E+01   0.16652400E+14   0.94288915E+10
   0.00000000E+00   0.63095734E+16   0.40328652E+01   0.28071199E+14   0.37718129E+01   0.26826260E+04   0.14958894E+16   0.18833540E+15   0.93526878E+00   0.26231114E+04   0.48431647E+16   0.29418820E+01   0.55508000E+14   0.75170614E+16   0.50881251E+01   0.16652400E+14   0.94288915E+10
   0.00000000E+00   0.79432823E+16   0.40239355E+01   0.28071199E+14   0.40727099E+01   0.28966329E+04   0.18865077E+16   0.18741439E+15   0.10121211E+01   0.28317066E+04   0.60951936E+16   0.29350486E+01   0.55508000E+14   0.94653256E+16   0.50771996E+01   0.16652400E+14   0.94288915E+10
   0.00000000E+00   0.10000000E+17   0.40173831E+01   0.28071199E+14   0.43976110E+01   0.31277123E+04   0.23780285E+16   0.18674034E+15   0.10946457E+01   0.30570810E+04   0.76715935E+16   0.29300401E+01   0.55508000E+14   0.11917954E+17   0.50691895E+01   0.16652400E+14   0.94288915E+10
   0.00000000E+00   0.12589254E+17   0.40126022E+01   0.28071199E+14   0.47484311E+01   0.33772261E+04   0.29965763E+16   0.18624945E+15   0.11833795E+01   0.33005465E+04   0.96563080E+16   0.29263859E+01   0.55508000E+14   0.15005417E+17   0.50633371E+01   0.16652400E+14   0.94288915E+10
