  -0.39900000E+01   0.23990000E+02    2798   0.10000000E-01
  -0.39900000E+01   0.12854973E+01
  -0.39800000E+01   0.12851929E+01
  -0.39700000E+01   0.12848783E+01
  -0.39600000E+01   0.12845734E+01
  -0.39500000E+01   0.12842735E+01
  -0.39400000E+01   0.12839634E+01
  -0.39300000E+01   0.12836531E+01
  -0.39200000E+01   0.12833476E+01
  -0.39100000E+01   0.12830370E+01
  -0.39000000E+01   0.12827311E+01
  -0.38900000E+01   0.12824252E+01
  -0.38800000E+01   0.12821090E+01
  -0.38700000E+01   0.12818026E+01
  -0.38600000E+01   0.12814961E+01
  -0.38500000E+01   0.12811844E+01
  -0.38400000E+01   0.12808725E+01
  -0.38300000E+01   0.12805654E+01
  -0.38200000E+01   0.12802582E+01
  -0.38100000E+01   0.12799458E+01
  -0.38000000E+01   0.12796382E+01
  -0.37900000E+01   0.12793305E+01
  -0.37800000E+01   0.12790176E+01
  -0.37700000E+01   0.12786995E+01
  -0.37600000E+01   0.12783911E+01
  -0.37500000E+01   0.12780877E+01
  -0.37400000E+01   0.12777741E+01
  -0.37300000E+01   0.12774553E+01
  -0.37200000E+01   0.12771412E+01
  -0.37100000E+01   0.12768370E+01
  -0.37000000E+01   0.12765277E+01
  -0.36900000E+01   0.12762132E+01
  -0.36800000E+01   0.12758985E+01
  -0.36700000E+01   0.12755836E+01
  -0.36600000E+01   0.12752735E+01
  -0.36500000E+01   0.12749583E+01
  -0.36400000E+01   0.12746428E+01
  -0.36300000E+01   0.12743372E+01
  -0.36200000E+01   0.12740215E+01
  -0.36100000E+01   0.12737005E+01
  -0.36000000E+01   0.12733893E+01
  -0.35900000E+01   0.12730780E+01
  -0.35800000E+01   0.12727665E+01
  -0.35700000E+01   0.12724499E+01
  -0.35600000E+01   0.12721280E+01
  -0.35500000E+01   0.12718159E+01
  -0.35400000E+01   0.12715037E+01
  -0.35300000E+01   0.12711863E+01
  -0.35200000E+01   0.12708687E+01
  -0.35100000E+01   0.12705559E+01
  -0.35000000E+01   0.12702430E+01
  -0.34900000E+01   0.12699199E+01
  -0.34800000E+01   0.12696015E+01
  -0.34700000E+01   0.12692930E+01
  -0.34600000E+01   0.12689744E+01
  -0.34500000E+01   0.12686505E+01
  -0.34400000E+01   0.12683364E+01
  -0.34300000E+01   0.12680222E+01
  -0.34200000E+01   0.12677028E+01
  -0.34100000E+01   0.12673832E+01
  -0.34000000E+01   0.12670684E+01
  -0.33900000E+01   0.12667485E+01
  -0.33800000E+01   0.12664283E+01
  -0.33700000E+01   0.12661130E+01
  -0.33600000E+01   0.12657925E+01
  -0.33500000E+01   0.12654718E+01
  -0.33400000E+01   0.12651509E+01
  -0.33300000E+01   0.12648298E+01
  -0.33200000E+01   0.12645135E+01
  -0.33100000E+01   0.12641971E+01
  -0.33000000E+01   0.12638755E+01
  -0.32900000E+01   0.12635487E+01
  -0.32800000E+01   0.12632316E+01
  -0.32700000E+01   0.12629145E+01
  -0.32600000E+01   0.12625921E+01
  -0.32500000E+01   0.12622696E+01
  -0.32400000E+01   0.12619418E+01
  -0.32300000E+01   0.12616288E+01
  -0.32200000E+01   0.12613058E+01
  -0.32100000E+01   0.12609774E+01
  -0.32000000E+01   0.12606639E+01
  -0.31900000E+01   0.12603403E+01
  -0.31800000E+01   0.12600114E+01
  -0.31700000E+01   0.12596923E+01
  -0.31600000E+01   0.12593681E+01
  -0.31500000E+01   0.12590436E+01
  -0.31400000E+01   0.12587240E+01
  -0.31300000E+01   0.12583992E+01
  -0.31200000E+01   0.12580742E+01
  -0.31100000E+01   0.12577490E+01
  -0.31000000E+01   0.12574236E+01
  -0.30900000E+01   0.12571030E+01
  -0.30800000E+01   0.12567773E+01
  -0.30700000E+01   0.12564513E+01
  -0.30600000E+01   0.12561252E+01
  -0.30500000E+01   0.12557988E+01
  -0.30400000E+01   0.12554773E+01
  -0.30300000E+01   0.12551506E+01
  -0.30200000E+01   0.12548237E+01
  -0.30100000E+01   0.12544966E+01
  -0.30000000E+01   0.12541693E+01
  -0.29900000E+01   0.12538418E+01
  -0.29800000E+01   0.12535191E+01
  -0.29700000E+01   0.12531913E+01
  -0.29600000E+01   0.12528632E+01
  -0.29500000E+01   0.12525350E+01
  -0.29400000E+01   0.12522065E+01
  -0.29300000E+01   0.12518779E+01
  -0.29200000E+01   0.12515490E+01
  -0.29100000E+01   0.12512250E+01
  -0.29000000E+01   0.12508958E+01
  -0.28900000E+01   0.12505664E+01
  -0.28800000E+01   0.12502368E+01
  -0.28700000E+01   0.12499070E+01
  -0.28600000E+01   0.12495770E+01
  -0.28500000E+01   0.12492468E+01
  -0.28400000E+01   0.12489164E+01
  -0.28300000E+01   0.12485858E+01
  -0.28200000E+01   0.12482600E+01
  -0.28100000E+01   0.12479291E+01
  -0.28000000E+01   0.12475929E+01
  -0.27900000E+01   0.12472665E+01
  -0.27800000E+01   0.12469350E+01
  -0.27700000E+01   0.12466032E+01
  -0.27600000E+01   0.12462713E+01
  -0.27500000E+01   0.12459341E+01
  -0.27400000E+01   0.12456067E+01
  -0.27300000E+01   0.12452792E+01
  -0.27200000E+01   0.12449415E+01
  -0.27100000E+01   0.12446085E+01
  -0.27000000E+01   0.12442754E+01
  -0.26900000E+01   0.12439420E+01
  -0.26800000E+01   0.12436135E+01
  -0.26700000E+01   0.12432748E+01
  -0.26600000E+01   0.12429408E+01
  -0.26500000E+01   0.12426117E+01
  -0.26400000E+01   0.12422724E+01
  -0.26300000E+01   0.12419378E+01
  -0.26200000E+01   0.12416081E+01
  -0.26100000E+01   0.12412682E+01
  -0.26000000E+01   0.12409330E+01
  -0.25900000E+01   0.12406027E+01
  -0.25800000E+01   0.12402622E+01
  -0.25700000E+01   0.12399264E+01
  -0.25600000E+01   0.12395955E+01
  -0.25500000E+01   0.12392544E+01
  -0.25400000E+01   0.12389180E+01
  -0.25300000E+01   0.12385815E+01
  -0.25200000E+01   0.12382447E+01
  -0.25100000E+01   0.12379128E+01
  -0.25000000E+01   0.12375707E+01
  -0.24900000E+01   0.12372333E+01
  -0.24800000E+01   0.12368958E+01
  -0.24700000E+01   0.12365530E+01
  -0.24600000E+01   0.12362200E+01
  -0.24500000E+01   0.12358819E+01
  -0.24400000E+01   0.12355385E+01
  -0.24300000E+01   0.12352049E+01
  -0.24200000E+01   0.12348662E+01
  -0.24100000E+01   0.12345222E+01
  -0.24000000E+01   0.12341830E+01
  -0.23900000E+01   0.12338436E+01
  -0.23800000E+01   0.12335040E+01
  -0.23700000E+01   0.12331642E+01
  -0.23600000E+01   0.12328242E+01
  -0.23500000E+01   0.12324840E+01
  -0.23400000E+01   0.12321436E+01
  -0.23300000E+01   0.12317980E+01
  -0.23200000E+01   0.12314571E+01
  -0.23100000E+01   0.12311211E+01
  -0.23000000E+01   0.12307749E+01
  -0.22900000E+01   0.12304334E+01
  -0.22800000E+01   0.12300918E+01
  -0.22700000E+01   0.12297449E+01
  -0.22600000E+01   0.12294028E+01
  -0.22500000E+01   0.12290605E+01
  -0.22400000E+01   0.12287180E+01
  -0.22300000E+01   0.12283753E+01
  -0.22200000E+01   0.12280324E+01
  -0.22100000E+01   0.12276893E+01
  -0.22000000E+01   0.12273460E+01
  -0.21900000E+01   0.12269975E+01
  -0.21800000E+01   0.12266537E+01
  -0.21700000E+01   0.12263098E+01
  -0.21600000E+01   0.12259606E+01
  -0.21500000E+01   0.12256162E+01
  -0.21400000E+01   0.12252716E+01
  -0.21300000E+01   0.12249268E+01
  -0.21200000E+01   0.12245818E+01
  -0.21100000E+01   0.12242366E+01
  -0.21000000E+01   0.12238862E+01
  -0.20900000E+01   0.12235405E+01
  -0.20800000E+01   0.12231947E+01
  -0.20700000E+01   0.12228436E+01
  -0.20600000E+01   0.12224973E+01
  -0.20500000E+01   0.12221508E+01
  -0.20400000E+01   0.12218041E+01
  -0.20300000E+01   0.12214572E+01
  -0.20200000E+01   0.12211051E+01
  -0.20100000E+01   0.12207577E+01
  -0.20000000E+01   0.12204102E+01
  -0.19900000E+01   0.12200574E+01
  -0.19800000E+01   0.12197094E+01
  -0.19700000E+01   0.12193612E+01
  -0.19600000E+01   0.12190078E+01
  -0.19500000E+01   0.12186591E+01
  -0.19400000E+01   0.12183103E+01
  -0.19300000E+01   0.12179562E+01
  -0.19200000E+01   0.12176069E+01
  -0.19100000E+01   0.12172574E+01
  -0.19000000E+01   0.12169077E+01
  -0.18900000E+01   0.12165528E+01
  -0.18800000E+01   0.12162026E+01
  -0.18700000E+01   0.12158523E+01
  -0.18600000E+01   0.12154967E+01
  -0.18500000E+01   0.12151459E+01
  -0.18400000E+01   0.12147899E+01
  -0.18300000E+01   0.12144386E+01
  -0.18200000E+01   0.12140872E+01
  -0.18100000E+01   0.12137305E+01
  -0.18000000E+01   0.12133786E+01
  -0.17900000E+01   0.12130265E+01
  -0.17800000E+01   0.12126692E+01
  -0.17700000E+01   0.12123116E+01
  -0.17600000E+01   0.12119588E+01
  -0.17500000E+01   0.12116058E+01
  -0.17400000E+01   0.12112526E+01
  -0.17300000E+01   0.12108942E+01
  -0.17200000E+01   0.12105405E+01
  -0.17100000E+01   0.12101867E+01
  -0.17000000E+01   0.12098276E+01
  -0.16900000E+01   0.12094683E+01
  -0.16800000E+01   0.12091087E+01
  -0.16700000E+01   0.12087589E+01
  -0.16600000E+01   0.12084040E+01
  -0.16500000E+01   0.12080388E+01
  -0.16400000E+01   0.12076833E+01
  -0.16300000E+01   0.12073277E+01
  -0.16200000E+01   0.12069668E+01
  -0.16100000E+01   0.12066057E+01
  -0.16000000E+01   0.12062493E+01
  -0.15900000E+01   0.12058928E+01
  -0.15800000E+01   0.12055310E+01
  -0.15700000E+01   0.12051740E+01
  -0.15600000E+01   0.12048118E+01
  -0.15500000E+01   0.12044543E+01
  -0.15400000E+01   0.12040967E+01
  -0.15300000E+01   0.12037288E+01
  -0.15200000E+01   0.12033706E+01
  -0.15100000E+01   0.12030123E+01
  -0.15000000E+01   0.12026487E+01
  -0.14900000E+01   0.12022849E+01
  -0.14800000E+01   0.12019258E+01
  -0.14700000E+01   0.12015666E+01
  -0.14600000E+01   0.12012021E+01
  -0.14500000E+01   0.12008374E+01
  -0.14400000E+01   0.12004724E+01
  -0.14300000E+01   0.12001122E+01
  -0.14200000E+01   0.11997518E+01
  -0.14100000E+01   0.11993862E+01
  -0.14000000E+01   0.11990203E+01
  -0.13900000E+01   0.11986592E+01
  -0.13800000E+01   0.11982979E+01
  -0.13700000E+01   0.11979314E+01
  -0.13600000E+01   0.11975646E+01
  -0.13500000E+01   0.11971976E+01
  -0.13400000E+01   0.11968303E+01
  -0.13300000E+01   0.11964678E+01
  -0.13200000E+01   0.11961051E+01
  -0.13100000E+01   0.11957372E+01
  -0.13000000E+01   0.11953690E+01
  -0.12900000E+01   0.11950056E+01
  -0.12800000E+01   0.11946370E+01
  -0.12700000E+01   0.11942681E+01
  -0.12600000E+01   0.11939040E+01
  -0.12500000E+01   0.11935347E+01
  -0.12400000E+01   0.11931651E+01
  -0.12300000E+01   0.11927953E+01
  -0.12200000E+01   0.11924302E+01
  -0.12100000E+01   0.11920650E+01
  -0.12000000E+01   0.11916895E+01
  -0.11900000E+01   0.11913187E+01
  -0.11800000E+01   0.11909527E+01
  -0.11700000E+01   0.11905865E+01
  -0.11600000E+01   0.11902151E+01
  -0.11500000E+01   0.11898434E+01
  -0.11400000E+01   0.11894715E+01
  -0.11300000E+01   0.11890993E+01
  -0.11200000E+01   0.11887319E+01
  -0.11100000E+01   0.11883593E+01
  -0.11000000E+01   0.11879864E+01
  -0.10900000E+01   0.11876133E+01
  -0.10800000E+01   0.11872399E+01
  -0.10700000E+01   0.11868713E+01
  -0.10600000E+01   0.11864975E+01
  -0.10500000E+01   0.11861234E+01
  -0.10400000E+01   0.11857541E+01
  -0.10300000E+01   0.11853796E+01
  -0.10200000E+01   0.11850048E+01
  -0.10100000E+01   0.11846298E+01
  -0.10000000E+01   0.11842545E+01
  -0.99000000E+00   0.11838840E+01
  -0.98000000E+00   0.11835083E+01
  -0.97000000E+00   0.11831273E+01
  -0.96000000E+00   0.11827560E+01
  -0.95000000E+00   0.11823846E+01
  -0.94000000E+00   0.11820029E+01
  -0.93000000E+00   0.11816259E+01
  -0.92000000E+00   0.11812537E+01
  -0.91000000E+00   0.11808763E+01
  -0.90000000E+00   0.11804936E+01
  -0.89000000E+00   0.11801206E+01
  -0.88000000E+00   0.11797475E+01
  -0.87000000E+00   0.11793641E+01
  -0.86000000E+00   0.11789854E+01
  -0.85000000E+00   0.11786065E+01
  -0.84000000E+00   0.11782273E+01
  -0.83000000E+00   0.11778529E+01
  -0.82000000E+00   0.11774733E+01
  -0.81000000E+00   0.11770934E+01
  -0.80000000E+00   0.11767133E+01
  -0.79000000E+00   0.11763329E+01
  -0.78000000E+00   0.11759523E+01
  -0.77000000E+00   0.11755714E+01
  -0.76000000E+00   0.11751903E+01
  -0.75000000E+00   0.11748089E+01
  -0.74000000E+00   0.11744273E+01
  -0.73000000E+00   0.11740454E+01
  -0.72000000E+00   0.11736633E+01
  -0.71000000E+00   0.11732809E+01
  -0.70000000E+00   0.11728983E+01
  -0.69000000E+00   0.11725154E+01
  -0.68000000E+00   0.11721323E+01
  -0.67000000E+00   0.11717489E+01
  -0.66000000E+00   0.11713703E+01
  -0.65000000E+00   0.11709815E+01
  -0.64000000E+00   0.11705973E+01
  -0.63000000E+00   0.11702130E+01
  -0.62000000E+00   0.11698283E+01
  -0.61000000E+00   0.11694435E+01
  -0.60000000E+00   0.11690583E+01
  -0.59000000E+00   0.11686730E+01
  -0.58000000E+00   0.11682823E+01
  -0.57000000E+00   0.11679014E+01
  -0.56000000E+00   0.11675153E+01
  -0.55000000E+00   0.11671289E+01
  -0.54000000E+00   0.11667423E+01
  -0.53000000E+00   0.11663504E+01
  -0.52000000E+00   0.11659632E+01
  -0.51000000E+00   0.11655758E+01
  -0.50000000E+00   0.11651881E+01
  -0.49000000E+00   0.11648002E+01
  -0.48000000E+00   0.11644120E+01
  -0.47000000E+00   0.11640236E+01
  -0.46000000E+00   0.11636299E+01
  -0.45000000E+00   0.11632409E+01
  -0.44000000E+00   0.11628567E+01
  -0.43000000E+00   0.11624623E+01
  -0.42000000E+00   0.11620725E+01
  -0.41000000E+00   0.11616826E+01
  -0.40000000E+00   0.11612873E+01
  -0.39000000E+00   0.11609018E+01
  -0.38000000E+00   0.11605111E+01
  -0.37000000E+00   0.11601151E+01
  -0.36000000E+00   0.11597188E+01
  -0.35000000E+00   0.11593272E+01
  -0.34000000E+00   0.11589404E+01
  -0.33000000E+00   0.11585484E+01
  -0.32000000E+00   0.11581511E+01
  -0.31000000E+00   0.11577535E+01
  -0.30000000E+00   0.11573606E+01
  -0.29000000E+00   0.11569675E+01
  -0.28000000E+00   0.11565741E+01
  -0.27000000E+00   0.11561805E+01
  -0.26000000E+00   0.11557866E+01
  -0.25000000E+00   0.11553875E+01
  -0.24000000E+00   0.11549880E+01
  -0.23000000E+00   0.11545983E+01
  -0.22000000E+00   0.11542034E+01
  -0.21000000E+00   0.11538032E+01
  -0.20000000E+00   0.11534027E+01
  -0.19000000E+00   0.11530069E+01
  -0.18000000E+00   0.11526159E+01
  -0.17000000E+00   0.11522147E+01
  -0.16000000E+00   0.11518131E+01
  -0.15000000E+00   0.11514163E+01
  -0.14000000E+00   0.11510192E+01
  -0.13000000E+00   0.11506169E+01
  -0.12000000E+00   0.11502192E+01
  -0.11000000E+00   0.11498214E+01
  -0.10000000E+00   0.11494182E+01
  -0.90000000E-01   0.11490198E+01
  -0.80000000E-01   0.11486161E+01
  -0.70000000E-01   0.11482171E+01
  -0.60000000E-01   0.11478179E+01
  -0.50000000E-01   0.11474134E+01
  -0.40000000E-01   0.11470136E+01
  -0.30000000E-01   0.11466136E+01
  -0.20000000E-01   0.11462083E+01
  -0.10000000E-01   0.11458027E+01
   0.00000000E+00   0.11454018E+01
   0.10000000E-01   0.11450007E+01
   0.20000000E-01   0.11445943E+01
   0.30000000E-01   0.11441926E+01
   0.40000000E-01   0.11437857E+01
   0.50000000E-01   0.11433834E+01
   0.60000000E-01   0.11429810E+01
   0.70000000E-01   0.11425682E+01
   0.80000000E-01   0.11421651E+01
   0.90000000E-01   0.11417618E+01
   0.10000000E+00   0.11413532E+01
   0.11000000E+00   0.11409493E+01
   0.12000000E+00   0.11405452E+01
   0.13000000E+00   0.11401358E+01
   0.14000000E+00   0.11397261E+01
   0.15000000E+00   0.11393161E+01
   0.16000000E+00   0.11389108E+01
   0.17000000E+00   0.11385053E+01
   0.18000000E+00   0.11380945E+01
   0.19000000E+00   0.11376834E+01
   0.20000000E+00   0.11372770E+01
   0.21000000E+00   0.11368654E+01
   0.22000000E+00   0.11364534E+01
   0.23000000E+00   0.11360462E+01
   0.24000000E+00   0.11356387E+01
   0.25000000E+00   0.11352260E+01
   0.26000000E+00   0.11348129E+01
   0.27000000E+00   0.11344046E+01
   0.28000000E+00   0.11339910E+01
   0.29000000E+00   0.11335771E+01
   0.30000000E+00   0.11331629E+01
   0.31000000E+00   0.11327534E+01
   0.32000000E+00   0.11323437E+01
   0.33000000E+00   0.11319237E+01
   0.34000000E+00   0.11315083E+01
   0.35000000E+00   0.11311027E+01
   0.36000000E+00   0.11306869E+01
   0.37000000E+00   0.11302657E+01
   0.38000000E+00   0.11298542E+01
   0.39000000E+00   0.11294425E+01
   0.40000000E+00   0.11290255E+01
   0.41000000E+00   0.11286082E+01
   0.42000000E+00   0.11281906E+01
   0.43000000E+00   0.11277727E+01
   0.44000000E+00   0.11273545E+01
   0.45000000E+00   0.11269410E+01
   0.46000000E+00   0.11265223E+01
   0.47000000E+00   0.11261032E+01
   0.48000000E+00   0.11256889E+01
   0.49000000E+00   0.11252693E+01
   0.50000000E+00   0.11248494E+01
   0.51000000E+00   0.11244292E+01
   0.52000000E+00   0.11240087E+01
   0.53000000E+00   0.11235879E+01
   0.54000000E+00   0.11231718E+01
   0.55000000E+00   0.11227505E+01
   0.56000000E+00   0.11223288E+01
   0.57000000E+00   0.11219069E+01
   0.58000000E+00   0.11214846E+01
   0.59000000E+00   0.11210621E+01
   0.60000000E+00   0.11206392E+01
   0.61000000E+00   0.11202211E+01
   0.62000000E+00   0.11197977E+01
   0.63000000E+00   0.11193740E+01
   0.64000000E+00   0.11189500E+01
   0.65000000E+00   0.11185257E+01
   0.66000000E+00   0.11181011E+01
   0.67000000E+00   0.11176762E+01
   0.68000000E+00   0.11172510E+01
   0.69000000E+00   0.11168255E+01
   0.70000000E+00   0.11163997E+01
   0.71000000E+00   0.11159736E+01
   0.72000000E+00   0.11155472E+01
   0.73000000E+00   0.11151205E+01
   0.74000000E+00   0.11146935E+01
   0.75000000E+00   0.11142712E+01
   0.76000000E+00   0.11138437E+01
   0.77000000E+00   0.11134108E+01
   0.78000000E+00   0.11129826E+01
   0.79000000E+00   0.11125541E+01
   0.80000000E+00   0.11121253E+01
   0.81000000E+00   0.11116962E+01
   0.82000000E+00   0.11112668E+01
   0.83000000E+00   0.11108371E+01
   0.84000000E+00   0.11104071E+01
   0.85000000E+00   0.11099768E+01
   0.86000000E+00   0.11095462E+01
   0.87000000E+00   0.11091153E+01
   0.88000000E+00   0.11086841E+01
   0.89000000E+00   0.11082476E+01
   0.90000000E+00   0.11078157E+01
   0.91000000E+00   0.11073836E+01
   0.92000000E+00   0.11069511E+01
   0.93000000E+00   0.11065184E+01
   0.94000000E+00   0.11060853E+01
   0.95000000E+00   0.11056520E+01
   0.96000000E+00   0.11052133E+01
   0.97000000E+00   0.11047793E+01
   0.98000000E+00   0.11043450E+01
   0.99000000E+00   0.11039104E+01
   0.10000000E+01   0.11034755E+01
   0.10100000E+01   0.11030403E+01
   0.10200000E+01   0.11025998E+01
   0.10300000E+01   0.11021639E+01
   0.10400000E+01   0.11017278E+01
   0.10500000E+01   0.11012863E+01
   0.10600000E+01   0.11008495E+01
   0.10700000E+01   0.11004124E+01
   0.10800000E+01   0.10999750E+01
   0.10900000E+01   0.10995373E+01
   0.11000000E+01   0.10990943E+01
   0.11100000E+01   0.10986559E+01
   0.11200000E+01   0.10982173E+01
   0.11300000E+01   0.10977733E+01
   0.11400000E+01   0.10973340E+01
   0.11500000E+01   0.10968944E+01
   0.11600000E+01   0.10964495E+01
   0.11700000E+01   0.10960092E+01
   0.11800000E+01   0.10955687E+01
   0.11900000E+01   0.10951228E+01
   0.12000000E+01   0.10946816E+01
   0.12100000E+01   0.10942401E+01
   0.12200000E+01   0.10937933E+01
   0.12300000E+01   0.10933461E+01
   0.12400000E+01   0.10929036E+01
   0.12500000E+01   0.10924608E+01
   0.12600000E+01   0.10920177E+01
   0.12700000E+01   0.10915693E+01
   0.12800000E+01   0.10911205E+01
   0.12900000E+01   0.10906764E+01
   0.13000000E+01   0.10902320E+01
   0.13100000E+01   0.10897873E+01
   0.13200000E+01   0.10893373E+01
   0.13300000E+01   0.10888869E+01
   0.13400000E+01   0.10884412E+01
   0.13500000E+01   0.10879902E+01
   0.13600000E+01   0.10875388E+01
   0.13700000E+01   0.10870921E+01
   0.13800000E+01   0.10866451E+01
   0.13900000E+01   0.10861978E+01
   0.14000000E+01   0.10857452E+01
   0.14100000E+01   0.10852922E+01
   0.14200000E+01   0.10848389E+01
   0.14300000E+01   0.10843902E+01
   0.14400000E+01   0.10839413E+01
   0.14500000E+01   0.10834820E+01
   0.14600000E+01   0.10830323E+01
   0.14700000E+01   0.10825824E+01
   0.14800000E+01   0.10821271E+01
   0.14900000E+01   0.10816715E+01
   0.15000000E+01   0.10812155E+01
   0.15100000E+01   0.10807642E+01
   0.15200000E+01   0.10803126E+01
   0.15300000E+01   0.10798557E+01
   0.15400000E+01   0.10793984E+01
   0.15500000E+01   0.10789408E+01
   0.15600000E+01   0.10784828E+01
   0.15700000E+01   0.10780295E+01
   0.15800000E+01   0.10775709E+01
   0.15900000E+01   0.10771119E+01
   0.16000000E+01   0.10766576E+01
   0.16100000E+01   0.10761980E+01
   0.16200000E+01   0.10757380E+01
   0.16300000E+01   0.10752827E+01
   0.16400000E+01   0.10748221E+01
   0.16500000E+01   0.10743611E+01
   0.16600000E+01   0.10738998E+01
   0.16700000E+01   0.10734381E+01
   0.16800000E+01   0.10729811E+01
   0.16900000E+01   0.10725188E+01
   0.17000000E+01   0.10720561E+01
   0.17100000E+01   0.10715931E+01
   0.17200000E+01   0.10711297E+01
   0.17300000E+01   0.10706660E+01
   0.17400000E+01   0.10702019E+01
   0.17500000E+01   0.10697425E+01
   0.17600000E+01   0.10692778E+01
   0.17700000E+01   0.10688127E+01
   0.17800000E+01   0.10683473E+01
   0.17900000E+01   0.10678815E+01
   0.18000000E+01   0.10674154E+01
   0.18100000E+01   0.10669489E+01
   0.18200000E+01   0.10664821E+01
   0.18300000E+01   0.10660149E+01
   0.18400000E+01   0.10655474E+01
   0.18500000E+01   0.10650795E+01
   0.18600000E+01   0.10646163E+01
   0.18700000E+01   0.10641478E+01
   0.18800000E+01   0.10636739E+01
   0.18900000E+01   0.10632046E+01
   0.19000000E+01   0.10627350E+01
   0.19100000E+01   0.10622650E+01
   0.19200000E+01   0.10617997E+01
   0.19300000E+01   0.10613241E+01
   0.19400000E+01   0.10608530E+01
   0.19500000E+01   0.10603817E+01
   0.19600000E+01   0.10599099E+01
   0.19700000E+01   0.10594379E+01
   0.19800000E+01   0.10589604E+01
   0.19900000E+01   0.10584926E+01
   0.20000000E+01   0.10580195E+01
   0.20100000E+01   0.10575410E+01
   0.20200000E+01   0.10570671E+01
   0.20300000E+01   0.10565929E+01
   0.20400000E+01   0.10561183E+01
   0.20500000E+01   0.10556434E+01
   0.20600000E+01   0.10551631E+01
   0.20700000E+01   0.10546874E+01
   0.20800000E+01   0.10542164E+01
   0.20900000E+01   0.10537351E+01
   0.21000000E+01   0.10532533E+01
   0.21100000E+01   0.10527812E+01
   0.21200000E+01   0.10522988E+01
   0.21300000E+01   0.10518209E+01
   0.21400000E+01   0.10513428E+01
   0.21500000E+01   0.10508592E+01
   0.21600000E+01   0.10503803E+01
   0.21700000E+01   0.10499010E+01
   0.21800000E+01   0.10494214E+01
   0.21900000E+01   0.10489364E+01
   0.22000000E+01   0.10484560E+01
   0.22100000E+01   0.10479753E+01
   0.22200000E+01   0.10474892E+01
   0.22300000E+01   0.10470027E+01
   0.22400000E+01   0.10465208E+01
   0.22500000E+01   0.10460386E+01
   0.22600000E+01   0.10455560E+01
   0.22700000E+01   0.10450731E+01
   0.22800000E+01   0.10445848E+01
   0.22900000E+01   0.10440961E+01
   0.23000000E+01   0.10436120E+01
   0.23100000E+01   0.10431226E+01
   0.23200000E+01   0.10426377E+01
   0.23300000E+01   0.10421526E+01
   0.23400000E+01   0.10416620E+01
   0.23500000E+01   0.10411761E+01
   0.23600000E+01   0.10406848E+01
   0.23700000E+01   0.10401931E+01
   0.23800000E+01   0.10397060E+01
   0.23900000E+01   0.10392186E+01
   0.24000000E+01   0.10387258E+01
   0.24100000E+01   0.10382326E+01
   0.24200000E+01   0.10377440E+01
   0.24300000E+01   0.10372501E+01
   0.24400000E+01   0.10367557E+01
   0.24500000E+01   0.10362660E+01
   0.24600000E+01   0.10357759E+01
   0.24700000E+01   0.10352805E+01
   0.24800000E+01   0.10347846E+01
   0.24900000E+01   0.10342934E+01
   0.25000000E+01   0.10337968E+01
   0.25100000E+01   0.10332998E+01
   0.25200000E+01   0.10328024E+01
   0.25300000E+01   0.10323096E+01
   0.25400000E+01   0.10318115E+01
   0.25500000E+01   0.10313129E+01
   0.25600000E+01   0.10308190E+01
   0.25700000E+01   0.10303197E+01
   0.25800000E+01   0.10298200E+01
   0.25900000E+01   0.10293199E+01
   0.26000000E+01   0.10288194E+01
   0.26100000E+01   0.10283235E+01
   0.26200000E+01   0.10278223E+01
   0.26300000E+01   0.10273206E+01
   0.26400000E+01   0.10268236E+01
   0.26500000E+01   0.10263212E+01
   0.26600000E+01   0.10258184E+01
   0.26700000E+01   0.10253152E+01
   0.26800000E+01   0.10248116E+01
   0.26900000E+01   0.10243076E+01
   0.27000000E+01   0.10238032E+01
   0.27100000E+01   0.10232984E+01
   0.27200000E+01   0.10227932E+01
   0.27300000E+01   0.10222876E+01
   0.27400000E+01   0.10217866E+01
   0.27500000E+01   0.10212803E+01
   0.27600000E+01   0.10207685E+01
   0.27700000E+01   0.10202663E+01
   0.27800000E+01   0.10197588E+01
   0.27900000E+01   0.10192458E+01
   0.28000000E+01   0.10187424E+01
   0.28100000E+01   0.10182337E+01
   0.28200000E+01   0.10177195E+01
   0.28300000E+01   0.10172099E+01
   0.28400000E+01   0.10167049E+01
   0.28500000E+01   0.10161946E+01
   0.28600000E+01   0.10156788E+01
   0.28700000E+01   0.10151676E+01
   0.28800000E+01   0.10146560E+01
   0.28900000E+01   0.10141440E+01
   0.29000000E+01   0.10136316E+01
   0.29100000E+01   0.10131188E+01
   0.29200000E+01   0.10126006E+01
   0.29300000E+01   0.10120869E+01
   0.29400000E+01   0.10115779E+01
   0.29500000E+01   0.10110585E+01
   0.29600000E+01   0.10105386E+01
   0.29700000E+01   0.10100283E+01
   0.29800000E+01   0.10095127E+01
   0.29900000E+01   0.10089916E+01
   0.30000000E+01   0.10084701E+01
   0.30100000E+01   0.10079531E+01
   0.30200000E+01   0.10074408E+01
   0.30300000E+01   0.10069181E+01
   0.30400000E+01   0.10063949E+01
   0.30500000E+01   0.10058763E+01
   0.30600000E+01   0.10053573E+01
   0.30700000E+01   0.10048379E+01
   0.30800000E+01   0.10043181E+01
   0.30900000E+01   0.10037929E+01
   0.31000000E+01   0.10032672E+01
   0.31100000E+01   0.10027461E+01
   0.31200000E+01   0.10022246E+01
   0.31300000E+01   0.10017027E+01
   0.31400000E+01   0.10011754E+01
   0.31500000E+01   0.10006476E+01
   0.31600000E+01   0.10001244E+01
   0.31700000E+01   0.99959580E+00
   0.31800000E+01   0.99907170E+00
   0.31900000E+01   0.99854730E+00
   0.32000000E+01   0.99801740E+00
   0.32100000E+01   0.99748710E+00
   0.32200000E+01   0.99696130E+00
   0.32300000E+01   0.99643520E+00
   0.32400000E+01   0.99589860E+00
   0.32500000E+01   0.99537150E+00
   0.32600000E+01   0.99484410E+00
   0.32700000E+01   0.99431120E+00
   0.32800000E+01   0.99377790E+00
   0.32900000E+01   0.99324910E+00
   0.33000000E+01   0.99272000E+00
   0.33100000E+01   0.99218040E+00
   0.33200000E+01   0.99164530E+00
   0.33300000E+01   0.99111480E+00
   0.33400000E+01   0.99058390E+00
   0.33500000E+01   0.99004760E+00
   0.33600000E+01   0.98951080E+00
   0.33700000E+01   0.98897360E+00
   0.33800000E+01   0.98843590E+00
   0.33900000E+01   0.98790280E+00
   0.34000000E+01   0.98736430E+00
   0.34100000E+01   0.98682530E+00
   0.34200000E+01   0.98628590E+00
   0.34300000E+01   0.98574600E+00
   0.34400000E+01   0.98521070E+00
   0.34500000E+01   0.98467000E+00
   0.34600000E+01   0.98412380E+00
   0.34700000E+01   0.98358710E+00
   0.34800000E+01   0.98305010E+00
   0.34900000E+01   0.98250260E+00
   0.35000000E+01   0.98195960E+00
   0.35100000E+01   0.98141620E+00
   0.35200000E+01   0.98087230E+00
   0.35300000E+01   0.98033300E+00
   0.35400000E+01   0.97978830E+00
   0.35500000E+01   0.97923810E+00
   0.35600000E+01   0.97869240E+00
   0.35700000E+01   0.97814630E+00
   0.35800000E+01   0.97759970E+00
   0.35900000E+01   0.97705770E+00
   0.36000000E+01   0.97650530E+00
   0.36100000E+01   0.97595730E+00
   0.36200000E+01   0.97541400E+00
   0.36300000E+01   0.97486020E+00
   0.36400000E+01   0.97430590E+00
   0.36500000E+01   0.97375610E+00
   0.36600000E+01   0.97321090E+00
   0.36700000E+01   0.97266030E+00
   0.36800000E+01   0.97210420E+00
   0.36900000E+01   0.97155260E+00
   0.37000000E+01   0.97100060E+00
   0.37100000E+01   0.97044310E+00
   0.37200000E+01   0.96989010E+00
   0.37300000E+01   0.96933670E+00
   0.37400000E+01   0.96878280E+00
   0.37500000E+01   0.96822850E+00
   0.37600000E+01   0.96766870E+00
   0.37700000E+01   0.96711340E+00
   0.37800000E+01   0.96655770E+00
   0.37900000E+01   0.96599650E+00
   0.38000000E+01   0.96543480E+00
   0.38100000E+01   0.96487760E+00
   0.38200000E+01   0.96432000E+00
   0.38300000E+01   0.96376190E+00
   0.38400000E+01   0.96320340E+00
   0.38500000E+01   0.96263940E+00
   0.38600000E+01   0.96207490E+00
   0.38700000E+01   0.96151490E+00
   0.38800000E+01   0.96094950E+00
   0.38900000E+01   0.96038350E+00
   0.39000000E+01   0.95982710E+00
   0.39100000E+01   0.95926030E+00
   0.39200000E+01   0.95869290E+00
   0.39300000E+01   0.95813010E+00
   0.39400000E+01   0.95756180E+00
   0.39500000E+01   0.95699800E+00
   0.39600000E+01   0.95642880E+00
   0.39700000E+01   0.95585900E+00
   0.39800000E+01   0.95529380E+00
   0.39900000E+01   0.95472310E+00
   0.40000000E+01   0.95415190E+00
   0.40100000E+01   0.95358520E+00
   0.40200000E+01   0.95301310E+00
   0.40300000E+01   0.95244040E+00
   0.40400000E+01   0.95187230E+00
   0.40500000E+01   0.95129870E+00
   0.40600000E+01   0.95072460E+00
   0.40700000E+01   0.95015000E+00
   0.40800000E+01   0.94957490E+00
   0.40900000E+01   0.94900430E+00
   0.41000000E+01   0.94842830E+00
   0.41100000E+01   0.94785170E+00
   0.41200000E+01   0.94727670E+00
   0.41300000E+01   0.94669714E+00
   0.41400000E+01   0.94612060E+00
   0.41500000E+01   0.94554307E+00
   0.41600000E+01   0.94496405E+00
   0.41700000E+01   0.94438452E+00
   0.41800000E+01   0.94380500E+00
   0.41900000E+01   0.94322498E+00
   0.42000000E+01   0.94264397E+00
   0.42100000E+01   0.94206195E+00
   0.42200000E+01   0.94147993E+00
   0.42300000E+01   0.94089741E+00
   0.42400000E+01   0.94031389E+00
   0.42500000E+01   0.93972986E+00
   0.42600000E+01   0.93914583E+00
   0.42700000E+01   0.93856080E+00
   0.42800000E+01   0.93797476E+00
   0.42900000E+01   0.93738871E+00
   0.43000000E+01   0.93680166E+00
   0.43100000E+01   0.93621409E+00
   0.43200000E+01   0.93562652E+00
   0.43300000E+01   0.93503744E+00
   0.43400000E+01   0.93444834E+00
   0.43500000E+01   0.93385874E+00
   0.43600000E+01   0.93326812E+00
   0.43700000E+01   0.93267749E+00
   0.43800000E+01   0.93208535E+00
   0.43900000E+01   0.93149318E+00
   0.44000000E+01   0.93090051E+00
   0.44100000E+01   0.93030681E+00
   0.44200000E+01   0.92971310E+00
   0.44300000E+01   0.92911837E+00
   0.44400000E+01   0.92852312E+00
   0.44500000E+01   0.92792735E+00
   0.44600000E+01   0.92733106E+00
   0.44700000E+01   0.92673375E+00
   0.44800000E+01   0.92613591E+00
   0.44900000E+01   0.92553805E+00
   0.45000000E+01   0.92493917E+00
   0.45100000E+01   0.92433926E+00
   0.45200000E+01   0.92373882E+00
   0.45300000E+01   0.92313835E+00
   0.45400000E+01   0.92253736E+00
   0.45500000E+01   0.92193534E+00
   0.45600000E+01   0.92133229E+00
   0.45700000E+01   0.92072920E+00
   0.45800000E+01   0.92012559E+00
   0.45900000E+01   0.91952094E+00
   0.46000000E+01   0.91891576E+00
   0.46100000E+01   0.91831004E+00
   0.46200000E+01   0.91770379E+00
   0.46300000E+01   0.91709650E+00
   0.46400000E+01   0.91648917E+00
   0.46500000E+01   0.91588131E+00
   0.46600000E+01   0.91527191E+00
   0.46700000E+01   0.91466246E+00
   0.46800000E+01   0.91405248E+00
   0.46900000E+01   0.91344145E+00
   0.47000000E+01   0.91283038E+00
   0.47100000E+01   0.91221827E+00
   0.47200000E+01   0.91160561E+00
   0.47300000E+01   0.91099191E+00
   0.47400000E+01   0.91037815E+00
   0.47500000E+01   0.90976386E+00
   0.47600000E+01   0.90914801E+00
   0.47700000E+01   0.90853261E+00
   0.47800000E+01   0.90791617E+00
   0.47900000E+01   0.90729867E+00
   0.48000000E+01   0.90668112E+00
   0.48100000E+01   0.90606252E+00
   0.48200000E+01   0.90544336E+00
   0.48300000E+01   0.90482365E+00
   0.48400000E+01   0.90420288E+00
   0.48500000E+01   0.90358205E+00
   0.48600000E+01   0.90296067E+00
   0.48700000E+01   0.90233773E+00
   0.48800000E+01   0.90171472E+00
   0.48900000E+01   0.90109116E+00
   0.49000000E+01   0.90046703E+00
   0.49100000E+01   0.89984185E+00
   0.49200000E+01   0.89921609E+00
   0.49300000E+01   0.89858978E+00
   0.49400000E+01   0.89796239E+00
   0.49500000E+01   0.89733544E+00
   0.49600000E+01   0.89670693E+00
   0.49700000E+01   0.89607734E+00
   0.49800000E+01   0.89544818E+00
   0.49900000E+01   0.89481796E+00
   0.50000000E+01   0.89418666E+00
   0.50100000E+01   0.89355479E+00
   0.50200000E+01   0.89292234E+00
   0.50300000E+01   0.89228982E+00
   0.50400000E+01   0.89165623E+00
   0.50500000E+01   0.89102156E+00
   0.50600000E+01   0.89038631E+00
   0.50700000E+01   0.88975048E+00
   0.50800000E+01   0.88911407E+00
   0.50900000E+01   0.88847708E+00
   0.51000000E+01   0.88783901E+00
   0.51100000E+01   0.88720085E+00
   0.51200000E+01   0.88656162E+00
   0.51300000E+01   0.88592179E+00
   0.51400000E+01   0.88528139E+00
   0.51500000E+01   0.88463989E+00
   0.51600000E+01   0.88399781E+00
   0.51700000E+01   0.88335513E+00
   0.51800000E+01   0.88271237E+00
   0.51900000E+01   0.88206802E+00
   0.52000000E+01   0.88142307E+00
   0.52100000E+01   0.88077803E+00
   0.52200000E+01   0.88013190E+00
   0.52300000E+01   0.87948467E+00
   0.52400000E+01   0.87883734E+00
   0.52500000E+01   0.87818942E+00
   0.52600000E+01   0.87754040E+00
   0.52700000E+01   0.87689078E+00
   0.52800000E+01   0.87624056E+00
   0.52900000E+01   0.87558924E+00
   0.53000000E+01   0.87493731E+00
   0.53100000E+01   0.87428528E+00
   0.53200000E+01   0.87363215E+00
   0.53300000E+01   0.87297791E+00
   0.53400000E+01   0.87232306E+00
   0.53500000E+01   0.87166810E+00
   0.53600000E+01   0.87101204E+00
   0.53700000E+01   0.87035536E+00
   0.53800000E+01   0.86969808E+00
   0.53900000E+01   0.86903968E+00
   0.54000000E+01   0.86838067E+00
   0.54100000E+01   0.86772104E+00
   0.54200000E+01   0.86706080E+00
   0.54300000E+01   0.86639944E+00
   0.54400000E+01   0.86573746E+00
   0.54500000E+01   0.86507486E+00
   0.54600000E+01   0.86441164E+00
   0.54700000E+01   0.86374780E+00
   0.54800000E+01   0.86308334E+00
   0.54900000E+01   0.86241776E+00
   0.55000000E+01   0.86175105E+00
   0.55100000E+01   0.86108421E+00
   0.55200000E+01   0.86041675E+00
   0.55300000E+01   0.85974816E+00
   0.55400000E+01   0.85907894E+00
   0.55500000E+01   0.85840909E+00
   0.55600000E+01   0.85773861E+00
   0.55700000E+01   0.85706700E+00
   0.55800000E+01   0.85639475E+00
   0.55900000E+01   0.85572187E+00
   0.56000000E+01   0.85504785E+00
   0.56100000E+01   0.85437369E+00
   0.56200000E+01   0.85369840E+00
   0.56300000E+01   0.85302246E+00
   0.56400000E+01   0.85234589E+00
   0.56500000E+01   0.85166817E+00
   0.56600000E+01   0.85098981E+00
   0.56700000E+01   0.85031080E+00
   0.56800000E+01   0.84963165E+00
   0.56900000E+01   0.84895086E+00
   0.57000000E+01   0.84826941E+00
   0.57100000E+01   0.84758782E+00
   0.57200000E+01   0.84690458E+00
   0.57300000E+01   0.84622118E+00
   0.57400000E+01   0.84553714E+00
   0.57500000E+01   0.84485144E+00
   0.57600000E+01   0.84416558E+00
   0.57700000E+01   0.84347907E+00
   0.57800000E+01   0.84279140E+00
   0.57900000E+01   0.84210307E+00
   0.58000000E+01   0.84141408E+00
   0.58100000E+01   0.84072443E+00
   0.58200000E+01   0.84003412E+00
   0.58300000E+01   0.83934265E+00
   0.58400000E+01   0.83865001E+00
   0.58500000E+01   0.83795720E+00
   0.58600000E+01   0.83726373E+00
   0.58700000E+01   0.83656909E+00
   0.58800000E+01   0.83587378E+00
   0.58900000E+01   0.83517780E+00
   0.59000000E+01   0.83448065E+00
   0.59100000E+01   0.83378282E+00
   0.59200000E+01   0.83308482E+00
   0.59300000E+01   0.83238515E+00
   0.59400000E+01   0.83168479E+00
   0.59500000E+01   0.83098426E+00
   0.59600000E+01   0.83028255E+00
   0.59700000E+01   0.82957966E+00
   0.59800000E+01   0.82887608E+00
   0.59900000E+01   0.82817232E+00
   0.60000000E+01   0.82746738E+00
   0.60100000E+01   0.82676175E+00
   0.60200000E+01   0.82605494E+00
   0.60300000E+01   0.82534743E+00
   0.60400000E+01   0.82463974E+00
   0.60500000E+01   0.82393036E+00
   0.60600000E+01   0.82322028E+00
   0.60700000E+01   0.82250951E+00
   0.60800000E+01   0.82179804E+00
   0.60900000E+01   0.82108588E+00
   0.61000000E+01   0.82037252E+00
   0.61100000E+01   0.81965896E+00
   0.61200000E+01   0.81894421E+00
   0.61300000E+01   0.81822775E+00
   0.61400000E+01   0.81751158E+00
   0.61500000E+01   0.81679422E+00
   0.61600000E+01   0.81607564E+00
   0.61700000E+01   0.81535736E+00
   0.61800000E+01   0.81463738E+00
   0.61900000E+01   0.81391618E+00
   0.62000000E+01   0.81319477E+00
   0.62100000E+01   0.81247265E+00
   0.62200000E+01   0.81174932E+00
   0.62300000E+01   0.81102527E+00
   0.62400000E+01   0.81030051E+00
   0.62500000E+01   0.80957453E+00
   0.62600000E+01   0.80884733E+00
   0.62700000E+01   0.80811990E+00
   0.62800000E+01   0.80739226E+00
   0.62900000E+01   0.80666290E+00
   0.63000000E+01   0.80593231E+00
   0.63100000E+01   0.80520149E+00
   0.63200000E+01   0.80446995E+00
   0.63300000E+01   0.80373718E+00
   0.63400000E+01   0.80300318E+00
   0.63500000E+01   0.80226894E+00
   0.63600000E+01   0.80153398E+00
   0.63700000E+01   0.80079728E+00
   0.63800000E+01   0.80006034E+00
   0.63900000E+01   0.79932267E+00
   0.64000000E+01   0.79858376E+00
   0.64100000E+01   0.79784411E+00
   0.64200000E+01   0.79710372E+00
   0.64300000E+01   0.79636209E+00
   0.64400000E+01   0.79561971E+00
   0.64500000E+01   0.79487659E+00
   0.64600000E+01   0.79413222E+00
   0.64700000E+01   0.79338710E+00
   0.64800000E+01   0.79264123E+00
   0.64900000E+01   0.79189461E+00
   0.65000000E+01   0.79114724E+00
   0.65100000E+01   0.79039862E+00
   0.65200000E+01   0.78964874E+00
   0.65300000E+01   0.78889810E+00
   0.65400000E+01   0.78814720E+00
   0.65500000E+01   0.78739505E+00
   0.65600000E+01   0.78664163E+00
   0.65700000E+01   0.78588745E+00
   0.65800000E+01   0.78513250E+00
   0.65900000E+01   0.78437729E+00
   0.66000000E+01   0.78362032E+00
   0.66100000E+01   0.78286207E+00
   0.66200000E+01   0.78210405E+00
   0.66300000E+01   0.78134427E+00
   0.66400000E+01   0.78058370E+00
   0.66500000E+01   0.77982287E+00
   0.66600000E+01   0.77906026E+00
   0.66700000E+01   0.77829687E+00
   0.66800000E+01   0.77753270E+00
   0.66900000E+01   0.77676725E+00
   0.67000000E+01   0.77600151E+00
   0.67100000E+01   0.77523500E+00
   0.67200000E+01   0.77446670E+00
   0.67300000E+01   0.77369761E+00
   0.67400000E+01   0.77292773E+00
   0.67500000E+01   0.77215756E+00
   0.67600000E+01   0.77138561E+00
   0.67700000E+01   0.77061285E+00
   0.67800000E+01   0.76983981E+00
   0.67900000E+01   0.76906497E+00
   0.68000000E+01   0.76828933E+00
   0.68100000E+01   0.76751289E+00
   0.68200000E+01   0.76673515E+00
   0.68300000E+01   0.76595710E+00
   0.68400000E+01   0.76517826E+00
   0.68500000E+01   0.76439761E+00
   0.68600000E+01   0.76361615E+00
   0.68700000E+01   0.76283388E+00
   0.68800000E+01   0.76205080E+00
   0.68900000E+01   0.76126691E+00
   0.69000000E+01   0.76048171E+00
   0.69100000E+01   0.75969519E+00
   0.69200000E+01   0.75890835E+00
   0.69300000E+01   0.75812020E+00
   0.69400000E+01   0.75733122E+00
   0.69500000E+01   0.75654143E+00
   0.69600000E+01   0.75574981E+00
   0.69700000E+01   0.75495786E+00
   0.69800000E+01   0.75416559E+00
   0.69900000E+01   0.75337150E+00
   0.70000000E+01   0.75257607E+00
   0.70100000E+01   0.75177981E+00
   0.70200000E+01   0.75098321E+00
   0.70300000E+01   0.75018529E+00
   0.70400000E+01   0.74938602E+00
   0.70500000E+01   0.74858642E+00
   0.70600000E+01   0.74778498E+00
   0.70700000E+01   0.74698319E+00
   0.70800000E+01   0.74618057E+00
   0.70900000E+01   0.74537610E+00
   0.71000000E+01   0.74457078E+00
   0.71100000E+01   0.74376511E+00
   0.71200000E+01   0.74295810E+00
   0.71300000E+01   0.74214973E+00
   0.71400000E+01   0.74134051E+00
   0.71500000E+01   0.74053043E+00
   0.71600000E+01   0.73971950E+00
   0.71700000E+01   0.73890721E+00
   0.71800000E+01   0.73809406E+00
   0.71900000E+01   0.73727955E+00
   0.72000000E+01   0.73646417E+00
   0.72100000E+01   0.73564793E+00
   0.72200000E+01   0.73483032E+00
   0.72300000E+01   0.73401234E+00
   0.72400000E+01   0.73319300E+00
   0.72500000E+01   0.73237178E+00
   0.72600000E+01   0.73155018E+00
   0.72700000E+01   0.73072771E+00
   0.72800000E+01   0.72990436E+00
   0.72900000E+01   0.72907964E+00
   0.73000000E+01   0.72825353E+00
   0.73100000E+01   0.72742654E+00
   0.73200000E+01   0.72659866E+00
   0.73300000E+01   0.72576990E+00
   0.73400000E+01   0.72493975E+00
   0.73500000E+01   0.72410871E+00
   0.73600000E+01   0.72327628E+00
   0.73700000E+01   0.72244295E+00
   0.73800000E+01   0.72160873E+00
   0.73900000E+01   0.72077311E+00
   0.74000000E+01   0.71993659E+00
   0.74100000E+01   0.71909917E+00
   0.74200000E+01   0.71826035E+00
   0.74300000E+01   0.71742062E+00
   0.74400000E+01   0.71657999E+00
   0.74500000E+01   0.71573745E+00
   0.74600000E+01   0.71489449E+00
   0.74700000E+01   0.71405063E+00
   0.74800000E+01   0.71320535E+00
   0.74900000E+01   0.71235916E+00
   0.75000000E+01   0.71151155E+00
   0.75100000E+01   0.71066252E+00
   0.75200000E+01   0.70981306E+00
   0.75300000E+01   0.70896269E+00
   0.75400000E+01   0.70811039E+00
   0.75500000E+01   0.70725716E+00
   0.75600000E+01   0.70640350E+00
   0.75700000E+01   0.70554792E+00
   0.75800000E+01   0.70469139E+00
   0.75900000E+01   0.70383444E+00
   0.76000000E+01   0.70297555E+00
   0.76100000E+01   0.70211572E+00
   0.76200000E+01   0.70125445E+00
   0.76300000E+01   0.70039223E+00
   0.76400000E+01   0.69952957E+00
   0.76500000E+01   0.69866547E+00
   0.76600000E+01   0.69779942E+00
   0.76700000E+01   0.69693291E+00
   0.76800000E+01   0.69606546E+00
   0.76900000E+01   0.69519655E+00
   0.77000000E+01   0.69432619E+00
   0.77100000E+01   0.69345486E+00
   0.77200000E+01   0.69258258E+00
   0.77300000E+01   0.69170883E+00
   0.77400000E+01   0.69083462E+00
   0.77500000E+01   0.68995845E+00
   0.77600000E+01   0.68908130E+00
   0.77700000E+01   0.68820319E+00
   0.77800000E+01   0.68732360E+00
   0.77900000E+01   0.68644354E+00
   0.78000000E+01   0.68556151E+00
   0.78100000E+01   0.68467849E+00
   0.78200000E+01   0.68379450E+00
   0.78300000E+01   0.68290902E+00
   0.78400000E+01   0.68202256E+00
   0.78500000E+01   0.68113511E+00
   0.78600000E+01   0.68024618E+00
   0.78700000E+01   0.67935575E+00
   0.78800000E+01   0.67846483E+00
   0.78900000E+01   0.67757242E+00
   0.79000000E+01   0.67667851E+00
   0.79100000E+01   0.67578360E+00
   0.79200000E+01   0.67488769E+00
   0.79300000E+01   0.67399028E+00
   0.79400000E+01   0.67309136E+00
   0.79500000E+01   0.67219193E+00
   0.79600000E+01   0.67129150E+00
   0.79700000E+01   0.67038906E+00
   0.79800000E+01   0.66948510E+00
   0.79900000E+01   0.66858062E+00
   0.80000000E+01   0.66767513E+00
   0.80100000E+01   0.66676762E+00
   0.80200000E+01   0.66585908E+00
   0.80300000E+01   0.66495002E+00
   0.80400000E+01   0.66403944E+00
   0.80500000E+01   0.66312683E+00
   0.80600000E+01   0.66221318E+00
   0.80700000E+01   0.66129900E+00
   0.80800000E+01   0.66038329E+00
   0.80900000E+01   0.65946604E+00
   0.81000000E+01   0.65854775E+00
   0.81100000E+01   0.65762842E+00
   0.81200000E+01   0.65670755E+00
   0.81300000E+01   0.65578513E+00
   0.81400000E+01   0.65486166E+00
   0.81500000E+01   0.65393714E+00
   0.81600000E+01   0.65301157E+00
   0.81700000E+01   0.65208395E+00
   0.81800000E+01   0.65115526E+00
   0.81900000E+01   0.65022602E+00
   0.82000000E+01   0.64929472E+00
   0.82100000E+01   0.64836185E+00
   0.82200000E+01   0.64742841E+00
   0.82300000E+01   0.64649391E+00
   0.82400000E+01   0.64555734E+00
   0.82500000E+01   0.64461969E+00
   0.82600000E+01   0.64368097E+00
   0.82700000E+01   0.64274067E+00
   0.82800000E+01   0.64179929E+00
   0.82900000E+01   0.64085683E+00
   0.83000000E+01   0.63991229E+00
   0.83100000E+01   0.63896665E+00
   0.83200000E+01   0.63802043E+00
   0.83300000E+01   0.63707212E+00
   0.83400000E+01   0.63612271E+00
   0.83500000E+01   0.63517221E+00
   0.83600000E+01   0.63422011E+00
   0.83700000E+01   0.63326641E+00
   0.83800000E+01   0.63231160E+00
   0.83900000E+01   0.63135619E+00
   0.84000000E+01   0.63039868E+00
   0.84100000E+01   0.62943955E+00
   0.84200000E+01   0.62847931E+00
   0.84300000E+01   0.62751795E+00
   0.84400000E+01   0.62655548E+00
   0.84500000E+01   0.62559089E+00
   0.84600000E+01   0.62462517E+00
   0.84700000E+01   0.62365883E+00
   0.84800000E+01   0.62269037E+00
   0.84900000E+01   0.62172027E+00
   0.85000000E+01   0.62074954E+00
   0.85100000E+01   0.61977718E+00
   0.85200000E+01   0.61880318E+00
   0.85300000E+01   0.61782804E+00
   0.85400000E+01   0.61685176E+00
   0.85500000E+01   0.61587384E+00
   0.85600000E+01   0.61489427E+00
   0.85700000E+01   0.61391355E+00
   0.85800000E+01   0.61293118E+00
   0.85900000E+01   0.61194765E+00
   0.86000000E+01   0.61096297E+00
   0.86100000E+01   0.60997663E+00
   0.86200000E+01   0.60898863E+00
   0.86300000E+01   0.60799946E+00
   0.86400000E+01   0.60700913E+00
   0.86500000E+01   0.60601663E+00
   0.86600000E+01   0.60502345E+00
   0.86700000E+01   0.60402861E+00
   0.86800000E+01   0.60303208E+00
   0.86900000E+01   0.60203438E+00
   0.87000000E+01   0.60103499E+00
   0.87100000E+01   0.60003442E+00
   0.87200000E+01   0.59903266E+00
   0.87300000E+01   0.59802922E+00
   0.87400000E+01   0.59702408E+00
   0.87500000E+01   0.59601725E+00
   0.87600000E+01   0.59500921E+00
   0.87700000E+01   0.59400048E+00
   0.87800000E+01   0.59298955E+00
   0.87900000E+01   0.59197691E+00
   0.88000000E+01   0.59096356E+00
   0.88100000E+01   0.58994851E+00
   0.88200000E+01   0.58893124E+00
   0.88300000E+01   0.58791275E+00
   0.88400000E+01   0.58689354E+00
   0.88500000E+01   0.58587262E+00
   0.88600000E+01   0.58484947E+00
   0.88700000E+01   0.58382559E+00
   0.88800000E+01   0.58279999E+00
   0.88900000E+01   0.58177265E+00
   0.89000000E+01   0.58074408E+00
   0.89100000E+01   0.57971377E+00
   0.89200000E+01   0.57868222E+00
   0.89300000E+01   0.57764893E+00
   0.89400000E+01   0.57661439E+00
   0.89500000E+01   0.57557811E+00
   0.89600000E+01   0.57454007E+00
   0.89700000E+01   0.57350078E+00
   0.89800000E+01   0.57246023E+00
   0.89900000E+01   0.57141793E+00
   0.90000000E+01   0.57037386E+00
   0.90100000E+01   0.56932853E+00
   0.90200000E+01   0.56828143E+00
   0.90300000E+01   0.56723306E+00
   0.90400000E+01   0.56618292E+00
   0.90500000E+01   0.56513100E+00
   0.90600000E+01   0.56407780E+00
   0.90700000E+01   0.56302332E+00
   0.90800000E+01   0.56196656E+00
   0.90900000E+01   0.56090850E+00
   0.91000000E+01   0.55984966E+00
   0.91100000E+01   0.55878853E+00
   0.91200000E+01   0.55772560E+00
   0.91300000E+01   0.55666137E+00
   0.91400000E+01   0.55559584E+00
   0.91500000E+01   0.55452801E+00
   0.91600000E+01   0.55345886E+00
   0.91700000E+01   0.55238891E+00
   0.91800000E+01   0.55131615E+00
   0.91900000E+01   0.55024206E+00
   0.92000000E+01   0.54916716E+00
   0.92100000E+01   0.54808994E+00
   0.92200000E+01   0.54701139E+00
   0.92300000E+01   0.54593102E+00
   0.92400000E+01   0.54484931E+00
   0.92500000E+01   0.54376578E+00
   0.92600000E+01   0.54267990E+00
   0.92700000E+01   0.54159368E+00
   0.92800000E+01   0.54050513E+00
   0.92900000E+01   0.53941472E+00
   0.93000000E+01   0.53832297E+00
   0.93100000E+01   0.53722986E+00
   0.93200000E+01   0.53613491E+00
   0.93300000E+01   0.53503759E+00
   0.93400000E+01   0.53393941E+00
   0.93500000E+01   0.53283937E+00
   0.93600000E+01   0.53173796E+00
   0.93700000E+01   0.53063469E+00
   0.93800000E+01   0.52952904E+00
   0.93900000E+01   0.52842201E+00
   0.94000000E+01   0.52731410E+00
   0.94100000E+01   0.52620382E+00
   0.94200000E+01   0.52509164E+00
   0.94300000E+01   0.52397858E+00
   0.94400000E+01   0.52286313E+00
   0.94500000E+01   0.52174628E+00
   0.94600000E+01   0.52062754E+00
   0.94700000E+01   0.51950689E+00
   0.94800000E+01   0.51838484E+00
   0.94900000E+01   0.51726138E+00
   0.95000000E+01   0.51613552E+00
   0.95100000E+01   0.51500823E+00
   0.95200000E+01   0.51387954E+00
   0.95300000E+01   0.51274842E+00
   0.95400000E+01   0.51161588E+00
   0.95500000E+01   0.51048191E+00
   0.95600000E+01   0.50934602E+00
   0.95700000E+01   0.50820769E+00
   0.95800000E+01   0.50706842E+00
   0.95900000E+01   0.50592722E+00
   0.96000000E+01   0.50478407E+00
   0.96100000E+01   0.50363948E+00
   0.96200000E+01   0.50249294E+00
   0.96300000E+01   0.50134445E+00
   0.96400000E+01   0.50019400E+00
   0.96500000E+01   0.49904209E+00
   0.96600000E+01   0.49788872E+00
   0.96700000E+01   0.49673289E+00
   0.96800000E+01   0.49557558E+00
   0.96900000E+01   0.49441681E+00
   0.97000000E+01   0.49325556E+00
   0.97100000E+01   0.49209283E+00
   0.97200000E+01   0.49092812E+00
   0.97300000E+01   0.48976142E+00
   0.97400000E+01   0.48859373E+00
   0.97500000E+01   0.48742356E+00
   0.97600000E+01   0.48625138E+00
   0.97700000E+01   0.48507821E+00
   0.97800000E+01   0.48390254E+00
   0.97900000E+01   0.48272486E+00
   0.98000000E+01   0.48154517E+00
   0.98100000E+01   0.48036446E+00
   0.98200000E+01   0.47918175E+00
   0.98300000E+01   0.47799651E+00
   0.98400000E+01   0.47680975E+00
   0.98500000E+01   0.47562096E+00
   0.98600000E+01   0.47443064E+00
   0.98700000E+01   0.47323879E+00
   0.98800000E+01   0.47204441E+00
   0.98900000E+01   0.47084798E+00
   0.99000000E+01   0.46965001E+00
   0.99100000E+01   0.46844999E+00
   0.99200000E+01   0.46724792E+00
   0.99300000E+01   0.46604429E+00
   0.99400000E+01   0.46483911E+00
   0.99500000E+01   0.46363137E+00
   0.99600000E+01   0.46242156E+00
   0.99700000E+01   0.46121018E+00
   0.99800000E+01   0.45999673E+00
   0.99900000E+01   0.45878170E+00
   0.10000000E+02   0.45756460E+00
   0.10010000E+02   0.45634491E+00
   0.10020000E+02   0.45512363E+00
   0.10030000E+02   0.45390076E+00
   0.10040000E+02   0.45267580E+00
   0.10050000E+02   0.45144874E+00
   0.10060000E+02   0.45022008E+00
   0.10070000E+02   0.44898882E+00
   0.10080000E+02   0.44775594E+00
   0.10090000E+02   0.44652096E+00
   0.10100000E+02   0.44528385E+00
   0.10110000E+02   0.44404513E+00
   0.10120000E+02   0.44280428E+00
   0.10130000E+02   0.44156181E+00
   0.10140000E+02   0.44031671E+00
   0.10150000E+02   0.43906947E+00
   0.10160000E+02   0.43782059E+00
   0.10170000E+02   0.43656957E+00
   0.10180000E+02   0.43531640E+00
   0.10190000E+02   0.43406158E+00
   0.10200000E+02   0.43280461E+00
   0.10210000E+02   0.43154548E+00
   0.10220000E+02   0.43028419E+00
   0.10230000E+02   0.42902123E+00
   0.10240000E+02   0.42775611E+00
   0.10250000E+02   0.42648831E+00
   0.10260000E+02   0.42521883E+00
   0.10270000E+02   0.42394767E+00
   0.10280000E+02   0.42267433E+00
   0.10290000E+02   0.42139880E+00
   0.10300000E+02   0.42012108E+00
   0.10310000E+02   0.41884116E+00
   0.10320000E+02   0.41755954E+00
   0.10330000E+02   0.41627572E+00
   0.10340000E+02   0.41498919E+00
   0.10350000E+02   0.41370094E+00
   0.10360000E+02   0.41241098E+00
   0.10370000E+02   0.41111830E+00
   0.10380000E+02   0.40982389E+00
   0.10390000E+02   0.40852726E+00
   0.10400000E+02   0.40722839E+00
   0.10410000E+02   0.40592779E+00
   0.10420000E+02   0.40462445E+00
   0.10430000E+02   0.40331886E+00
   0.10440000E+02   0.40201152E+00
   0.10450000E+02   0.40070243E+00
   0.10460000E+02   0.39939059E+00
   0.10470000E+02   0.39807648E+00
   0.10480000E+02   0.39676061E+00
   0.10490000E+02   0.39544247E+00
   0.10500000E+02   0.39412156E+00
   0.10510000E+02   0.39279886E+00
   0.10520000E+02   0.39147439E+00
   0.10530000E+02   0.39014713E+00
   0.10540000E+02   0.38881808E+00
   0.10550000E+02   0.38748674E+00
   0.10560000E+02   0.38615310E+00
   0.10570000E+02   0.38481716E+00
   0.10580000E+02   0.38347891E+00
   0.10590000E+02   0.38213835E+00
   0.10600000E+02   0.38079547E+00
   0.10610000E+02   0.37945077E+00
   0.10620000E+02   0.37810425E+00
   0.10630000E+02   0.37675441E+00
   0.10640000E+02   0.37540272E+00
   0.10650000E+02   0.37404921E+00
   0.10660000E+02   0.37269285E+00
   0.10670000E+02   0.37133415E+00
   0.10680000E+02   0.36997309E+00
   0.10690000E+02   0.36861068E+00
   0.10700000E+02   0.36724542E+00
   0.10710000E+02   0.36587729E+00
   0.10720000E+02   0.36450779E+00
   0.10730000E+02   0.36313543E+00
   0.10740000E+02   0.36176068E+00
   0.10750000E+02   0.36038406E+00
   0.10760000E+02   0.35900455E+00
   0.10770000E+02   0.35762265E+00
   0.10780000E+02   0.35623885E+00
   0.10790000E+02   0.35485316E+00
   0.10800000E+02   0.35346407E+00
   0.10810000E+02   0.35207306E+00
   0.10820000E+02   0.35068015E+00
   0.10830000E+02   0.34928432E+00
   0.10840000E+02   0.34788607E+00
   0.10850000E+02   0.34648539E+00
   0.10860000E+02   0.34508228E+00
   0.10870000E+02   0.34367723E+00
   0.10880000E+02   0.34226975E+00
   0.10890000E+02   0.34085982E+00
   0.10900000E+02   0.33944745E+00
   0.10910000E+02   0.33803212E+00
   0.10920000E+02   0.33661483E+00
   0.10930000E+02   0.33519508E+00
   0.10940000E+02   0.33377286E+00
   0.10950000E+02   0.33234817E+00
   0.10960000E+02   0.33092150E+00
   0.10970000E+02   0.32949186E+00
   0.10980000E+02   0.32805922E+00
   0.10990000E+02   0.32662509E+00
   0.11000000E+02   0.32518847E+00
   0.11010000E+02   0.32374885E+00
   0.11020000E+02   0.32230672E+00
   0.11030000E+02   0.32086208E+00
   0.11040000E+02   0.31941542E+00
   0.11050000E+02   0.31796625E+00
   0.11060000E+02   0.31651405E+00
   0.11070000E+02   0.31505932E+00
   0.11080000E+02   0.31360255E+00
   0.11090000E+02   0.31214325E+00
   0.11100000E+02   0.31068090E+00
   0.11110000E+02   0.30921600E+00
   0.11120000E+02   0.30774904E+00
   0.11130000E+02   0.30627953E+00
   0.11140000E+02   0.30480745E+00
   0.11150000E+02   0.30333281E+00
   0.11160000E+02   0.30185459E+00
   0.11170000E+02   0.30037478E+00
   0.11180000E+02   0.29889240E+00
   0.11190000E+02   0.29740692E+00
   0.11200000E+02   0.29591935E+00
   0.11210000E+02   0.29442918E+00
   0.11220000E+02   0.29293591E+00
   0.11230000E+02   0.29144002E+00
   0.11240000E+02   0.28994202E+00
   0.11250000E+02   0.28844090E+00
   0.11260000E+02   0.28693765E+00
   0.11270000E+02   0.28543128E+00
   0.11280000E+02   0.28392226E+00
   0.11290000E+02   0.28241111E+00
   0.11300000E+02   0.28089631E+00
   0.11310000E+02   0.27937935E+00
   0.11320000E+02   0.27786024E+00
   0.11330000E+02   0.27633797E+00
   0.11340000E+02   0.27481303E+00
   0.11350000E+02   0.27328492E+00
   0.11360000E+02   0.27175462E+00
   0.11370000E+02   0.27022165E+00
   0.11380000E+02   0.26868598E+00
   0.11390000E+02   0.26714763E+00
   0.11400000E+02   0.26560557E+00
   0.11410000E+02   0.26406180E+00
   0.11420000E+02   0.26251533E+00
   0.11430000E+02   0.26096514E+00
   0.11440000E+02   0.25941272E+00
   0.11450000E+02   0.25785808E+00
   0.11460000E+02   0.25630021E+00
   0.11470000E+02   0.25473910E+00
   0.11480000E+02   0.25317574E+00
   0.11490000E+02   0.25160964E+00
   0.11500000E+02   0.25003978E+00
   0.11510000E+02   0.24846815E+00
   0.11520000E+02   0.24689377E+00
   0.11530000E+02   0.24531561E+00
   0.11540000E+02   0.24373517E+00
   0.11550000E+02   0.24215195E+00
   0.11560000E+02   0.24056594E+00
   0.11570000E+02   0.23897664E+00
   0.11580000E+02   0.23738453E+00
   0.11590000E+02   0.23579012E+00
   0.11600000E+02   0.23419240E+00
   0.11610000E+02   0.23259136E+00
   0.11620000E+02   0.23098799E+00
   0.11630000E+02   0.22938130E+00
   0.11640000E+02   0.22777176E+00
   0.11650000E+02   0.22615989E+00
   0.11660000E+02   0.22454467E+00
   0.11670000E+02   0.22292660E+00
   0.11680000E+02   0.22130517E+00
   0.11690000E+02   0.21968087E+00
   0.11700000E+02   0.21805420E+00
   0.11710000E+02   0.21642416E+00
   0.11720000E+02   0.21479073E+00
   0.11730000E+02   0.21315491E+00
   0.11740000E+02   0.21151620E+00
   0.11750000E+02   0.20987359E+00
   0.11760000E+02   0.20822856E+00
   0.11770000E+02   0.20658063E+00
   0.11780000E+02   0.20492927E+00
   0.11790000E+02   0.20327549E+00
   0.11800000E+02   0.20161778E+00
   0.11810000E+02   0.19995762E+00
   0.11820000E+02   0.19829453E+00
   0.11830000E+02   0.19662748E+00
   0.11840000E+02   0.19495797E+00
   0.11850000E+02   0.19328550E+00
   0.11860000E+02   0.19161006E+00
   0.11870000E+02   0.18993115E+00
   0.11880000E+02   0.18824875E+00
   0.11890000E+02   0.18656336E+00
   0.11900000E+02   0.18487547E+00
   0.11910000E+02   0.18318409E+00
   0.11920000E+02   0.18148919E+00
   0.11930000E+02   0.17979178E+00
   0.11940000E+02   0.17809085E+00
   0.11950000E+02   0.17638689E+00
   0.11960000E+02   0.17467940E+00
   0.11970000E+02   0.17296886E+00
   0.11980000E+02   0.17125528E+00
   0.11990000E+02   0.16953814E+00
   0.12000000E+02   0.16781794E+00
   0.12010000E+02   0.16609467E+00
   0.12020000E+02   0.16436833E+00
   0.12030000E+02   0.16263841E+00
   0.12040000E+02   0.16090490E+00
   0.12050000E+02   0.15916829E+00
   0.12060000E+02   0.15742858E+00
   0.12070000E+02   0.15568576E+00
   0.12080000E+02   0.15393933E+00
   0.12090000E+02   0.15218927E+00
   0.12100000E+02   0.15043658E+00
   0.12110000E+02   0.14868026E+00
   0.12120000E+02   0.14692079E+00
   0.12130000E+02   0.14515768E+00
   0.12140000E+02   0.14339090E+00
   0.12150000E+02   0.14162146E+00
   0.12160000E+02   0.13984835E+00
   0.12170000E+02   0.13807206E+00
   0.12180000E+02   0.13629209E+00
   0.12190000E+02   0.13450842E+00
   0.12200000E+02   0.13272155E+00
   0.12210000E+02   0.13093147E+00
   0.12220000E+02   0.12913818E+00
   0.12230000E+02   0.12734117E+00
   0.12240000E+02   0.12554043E+00
   0.12250000E+02   0.12373595E+00
   0.12260000E+02   0.12192822E+00
   0.12270000E+02   0.12011774E+00
   0.12280000E+02   0.11830351E+00
   0.12290000E+02   0.11648501E+00
   0.12300000E+02   0.11466323E+00
   0.12310000E+02   0.11283867E+00
   0.12320000E+02   0.11100983E+00
   0.12330000E+02   0.10917768E+00
   0.12340000E+02   0.10734224E+00
   0.12350000E+02   0.10550248E+00
   0.12360000E+02   0.10365940E+00
   0.12370000E+02   0.10181299E+00
   0.12380000E+02   0.99963250E-01
   0.12390000E+02   0.98109170E-01
   0.12400000E+02   0.96251730E-01
   0.12410000E+02   0.94390940E-01
   0.12420000E+02   0.92525780E-01
   0.12430000E+02   0.90657740E-01
   0.12440000E+02   0.88785830E-01
   0.12450000E+02   0.86909520E-01
   0.12460000E+02   0.85030310E-01
   0.12470000E+02   0.83147700E-01
   0.12480000E+02   0.81260680E-01
   0.12490000E+02   0.79369730E-01
   0.12500000E+02   0.77475350E-01
   0.12510000E+02   0.75577530E-01
   0.12520000E+02   0.73675770E-01
   0.12530000E+02   0.71770050E-01
   0.12540000E+02   0.69860870E-01
   0.12550000E+02   0.67947720E-01
   0.12560000E+02   0.66030090E-01
   0.12570000E+02   0.64109460E-01
   0.12580000E+02   0.62184850E-01
   0.12590000E+02   0.60256220E-01
   0.12600000E+02   0.58324090E-01
   0.12610000E+02   0.56387430E-01
   0.12620000E+02   0.54447240E-01
   0.12630000E+02   0.52503510E-01
   0.12640000E+02   0.50555240E-01
   0.12650000E+02   0.48603400E-01
   0.12660000E+02   0.46648010E-01
   0.12670000E+02   0.44687540E-01
   0.12680000E+02   0.42723980E-01
   0.12690000E+02   0.40756340E-01
   0.12700000E+02   0.38784590E-01
   0.12710000E+02   0.36809240E-01
   0.12720000E+02   0.34829270E-01
   0.12730000E+02   0.32845670E-01
   0.12740000E+02   0.30857940E-01
   0.12750000E+02   0.28866060E-01
   0.12760000E+02   0.26870030E-01
   0.12770000E+02   0.24870330E-01
   0.12780000E+02   0.22866470E-01
   0.12790000E+02   0.20857920E-01
   0.12800000E+02   0.18846180E-01
   0.12810000E+02   0.16829750E-01
   0.12820000E+02   0.14809100E-01
   0.12830000E+02   0.12784240E-01
   0.12840000E+02   0.10755640E-01
   0.12850000E+02   0.87228200E-02
   0.12860000E+02   0.66852400E-02
   0.12870000E+02   0.46444100E-02
   0.12880000E+02   0.25988200E-02
   0.12890000E+02   0.54845000E-03
   0.12900000E+02  -0.15052100E-02
   0.12910000E+02  -0.35636500E-02
   0.12920000E+02  -0.56264100E-02
   0.12930000E+02  -0.76929700E-02
   0.12940000E+02  -0.97643600E-02
   0.12950000E+02  -0.11839580E-01
   0.12960000E+02  -0.13919140E-01
   0.12970000E+02  -0.16003550E-01
   0.12980000E+02  -0.18092330E-01
   0.12990000E+02  -0.20184980E-01
   0.13000000E+02  -0.22282510E-01
   0.13010000E+02  -0.24383940E-01
   0.13020000E+02  -0.26489760E-01
   0.13030000E+02  -0.28600500E-01
   0.13040000E+02  -0.30715660E-01
   0.13050000E+02  -0.32834760E-01
   0.13060000E+02  -0.34958290E-01
   0.13070000E+02  -0.37087280E-01
   0.13080000E+02  -0.39219740E-01
   0.13090000E+02  -0.41357160E-01
   0.13100000E+02  -0.43499080E-01
   0.13110000E+02  -0.45644980E-01
   0.13120000E+02  -0.47796390E-01
   0.13130000E+02  -0.49952320E-01
   0.13140000E+02  -0.52112280E-01
   0.13150000E+02  -0.54276270E-01
   0.13160000E+02  -0.56445800E-01
   0.13170000E+02  -0.58620400E-01
   0.13180000E+02  -0.60798570E-01
   0.13190000E+02  -0.62981810E-01
   0.13200000E+02  -0.65169650E-01
   0.13210000E+02  -0.67362080E-01
   0.13220000E+02  -0.69560130E-01
   0.13230000E+02  -0.71761810E-01
   0.13240000E+02  -0.73968610E-01
   0.13250000E+02  -0.76180570E-01
   0.13260000E+02  -0.78396180E-01
   0.13270000E+02  -0.80617450E-01
   0.13280000E+02  -0.82843910E-01
   0.13290000E+02  -0.85074160E-01
   0.13300000E+02  -0.87309502E-01
   0.13310000E+02  -0.89550162E-01
   0.13320000E+02  -0.91795396E-01
   0.13330000E+02  -0.94045465E-01
   0.13340000E+02  -0.96300530E-01
   0.13350000E+02  -0.98560505E-01
   0.13360000E+02  -0.10082530E+00
   0.13370000E+02  -0.10309507E+00
   0.13380000E+02  -0.10536984E+00
   0.13390000E+02  -0.10764956E+00
   0.13400000E+02  -0.10993430E+00
   0.13410000E+02  -0.11222402E+00
   0.13420000E+02  -0.11451873E+00
   0.13430000E+02  -0.11681859E+00
   0.13440000E+02  -0.11912341E+00
   0.13450000E+02  -0.12143326E+00
   0.13460000E+02  -0.12374830E+00
   0.13470000E+02  -0.12606838E+00
   0.13480000E+02  -0.12839363E+00
   0.13490000E+02  -0.13072400E+00
   0.13500000E+02  -0.13305946E+00
   0.13510000E+02  -0.13540016E+00
   0.13520000E+02  -0.13774603E+00
   0.13530000E+02  -0.14009712E+00
   0.13540000E+02  -0.14245344E+00
   0.13550000E+02  -0.14481491E+00
   0.13560000E+02  -0.14718174E+00
   0.13570000E+02  -0.14955385E+00
   0.13580000E+02  -0.15193113E+00
   0.13590000E+02  -0.15431377E+00
   0.13600000E+02  -0.15670176E+00
   0.13610000E+02  -0.15909513E+00
   0.13620000E+02  -0.16149384E+00
   0.13630000E+02  -0.16389784E+00
   0.13640000E+02  -0.16630725E+00
   0.13650000E+02  -0.16872214E+00
   0.13660000E+02  -0.17114241E+00
   0.13670000E+02  -0.17356813E+00
   0.13680000E+02  -0.17599932E+00
   0.13690000E+02  -0.17843598E+00
   0.13700000E+02  -0.18087813E+00
   0.13710000E+02  -0.18332577E+00
   0.13720000E+02  -0.18577899E+00
   0.13730000E+02  -0.18823773E+00
   0.13740000E+02  -0.19070207E+00
   0.13750000E+02  -0.19317196E+00
   0.13760000E+02  -0.19564743E+00
   0.13770000E+02  -0.19812855E+00
   0.13780000E+02  -0.20061533E+00
   0.13790000E+02  -0.20310774E+00
   0.13800000E+02  -0.20560579E+00
   0.13810000E+02  -0.20810955E+00
   0.13820000E+02  -0.21061905E+00
   0.13830000E+02  -0.21313426E+00
   0.13840000E+02  -0.21565518E+00
   0.13850000E+02  -0.21818185E+00
   0.13860000E+02  -0.22071439E+00
   0.13870000E+02  -0.22325270E+00
   0.13880000E+02  -0.22579672E+00
   0.13890000E+02  -0.22834664E+00
   0.13900000E+02  -0.23090242E+00
   0.13910000E+02  -0.23346412E+00
   0.13920000E+02  -0.23603165E+00
   0.13930000E+02  -0.23860504E+00
   0.13940000E+02  -0.24118439E+00
   0.13950000E+02  -0.24376972E+00
   0.13960000E+02  -0.24636099E+00
   0.13970000E+02  -0.24895822E+00
   0.13980000E+02  -0.25156141E+00
   0.13990000E+02  -0.25417065E+00
   0.14000000E+02  -0.25678598E+00
   0.14010000E+02  -0.25940728E+00
   0.14020000E+02  -0.26203466E+00
   0.14030000E+02  -0.26466813E+00
   0.14040000E+02  -0.26730776E+00
   0.14050000E+02  -0.26995346E+00
   0.14060000E+02  -0.27260524E+00
   0.14070000E+02  -0.27526323E+00
   0.14080000E+02  -0.27792743E+00
   0.14090000E+02  -0.28059786E+00
   0.14100000E+02  -0.28327444E+00
   0.14110000E+02  -0.28595722E+00
   0.14120000E+02  -0.28864628E+00
   0.14130000E+02  -0.29134163E+00
   0.14140000E+02  -0.29404324E+00
   0.14150000E+02  -0.29675116E+00
   0.14160000E+02  -0.29946541E+00
   0.14170000E+02  -0.30218601E+00
   0.14180000E+02  -0.30491298E+00
   0.14190000E+02  -0.30764628E+00
   0.14200000E+02  -0.31038601E+00
   0.14210000E+02  -0.31313216E+00
   0.14220000E+02  -0.31588473E+00
   0.14230000E+02  -0.31864374E+00
   0.14240000E+02  -0.32140920E+00
   0.14250000E+02  -0.32418118E+00
   0.14260000E+02  -0.32695950E+00
   0.14270000E+02  -0.32974456E+00
   0.14280000E+02  -0.33253634E+00
   0.14290000E+02  -0.33533420E+00
   0.14300000E+02  -0.33813910E+00
   0.14310000E+02  -0.34095057E+00
   0.14320000E+02  -0.34376811E+00
   0.14330000E+02  -0.34659274E+00
   0.14340000E+02  -0.34942398E+00
   0.14350000E+02  -0.35226134E+00
   0.14360000E+02  -0.35510583E+00
   0.14370000E+02  -0.35795748E+00
   0.14380000E+02  -0.36081580E+00
   0.14390000E+02  -0.36368031E+00
   0.14400000E+02  -0.36655151E+00
   0.14410000E+02  -0.36942993E+00
   0.14420000E+02  -0.37231458E+00
   0.14430000E+02  -0.37520647E+00
   0.14440000E+02  -0.37810513E+00
   0.14450000E+02  -0.38101056E+00
   0.14460000E+02  -0.38392329E+00
   0.14470000E+02  -0.38684283E+00
   0.14480000E+02  -0.38976870E+00
   0.14490000E+02  -0.39270140E+00
   0.14500000E+02  -0.39564146E+00
   0.14510000E+02  -0.39858889E+00
   0.14520000E+02  -0.40154272E+00
   0.14530000E+02  -0.40450344E+00
   0.14540000E+02  -0.40747159E+00
   0.14550000E+02  -0.41044617E+00
   0.14560000E+02  -0.41342820E+00
   0.14570000E+02  -0.41641770E+00
   0.14580000E+02  -0.41941369E+00
   0.14590000E+02  -0.42241667E+00
   0.14600000E+02  -0.42542717E+00
   0.14610000E+02  -0.42844470E+00
   0.14620000E+02  -0.43146978E+00
   0.14630000E+02  -0.43450143E+00
   0.14640000E+02  -0.43754015E+00
   0.14650000E+02  -0.44058647E+00
   0.14660000E+02  -0.44363940E+00
   0.14670000E+02  -0.44669995E+00
   0.14680000E+02  -0.44976815E+00
   0.14690000E+02  -0.45284351E+00
   0.14700000E+02  -0.45592605E+00
   0.14710000E+02  -0.45901578E+00
   0.14720000E+02  -0.46211272E+00
   0.14730000E+02  -0.46521688E+00
   0.14740000E+02  -0.46832878E+00
   0.14750000E+02  -0.47144794E+00
   0.14760000E+02  -0.47457437E+00
   0.14770000E+02  -0.47770809E+00
   0.14780000E+02  -0.48084911E+00
   0.14790000E+02  -0.48399845E+00
   0.14800000E+02  -0.48715464E+00
   0.14810000E+02  -0.49031817E+00
   0.14820000E+02  -0.49348958E+00
   0.14830000E+02  -0.49666787E+00
   0.14840000E+02  -0.49985406E+00
   0.14850000E+02  -0.50304817E+00
   0.14860000E+02  -0.50624972E+00
   0.14870000E+02  -0.50945822E+00
   0.14880000E+02  -0.51267418E+00
   0.14890000E+02  -0.51589862E+00
   0.14900000E+02  -0.51913057E+00
   0.14910000E+02  -0.52236953E+00
   0.14920000E+02  -0.52561652E+00
   0.14930000E+02  -0.52887106E+00
   0.14940000E+02  -0.53213316E+00
   0.14950000E+02  -0.53540334E+00
   0.14960000E+02  -0.53868112E+00
   0.14970000E+02  -0.54196651E+00
   0.14980000E+02  -0.54525953E+00
   0.14990000E+02  -0.54856069E+00
   0.15000000E+02  -0.55186952E+00
   0.15010000E+02  -0.55518552E+00
   0.15020000E+02  -0.55850971E+00
   0.15030000E+02  -0.56184211E+00
   0.15040000E+02  -0.56518224E+00
   0.15050000E+02  -0.56853011E+00
   0.15060000E+02  -0.57188574E+00
   0.15070000E+02  -0.57524914E+00
   0.15080000E+02  -0.57862083E+00
   0.15090000E+02  -0.58200033E+00
   0.15100000E+02  -0.58538715E+00
   0.15110000E+02  -0.58878280E+00
   0.15120000E+02  -0.59218632E+00
   0.15130000E+02  -0.59559670E+00
   0.15140000E+02  -0.59901596E+00
   0.15150000E+02  -0.60244363E+00
   0.15160000E+02  -0.60587872E+00
   0.15170000E+02  -0.60932174E+00
   0.15180000E+02  -0.61277321E+00
   0.15190000E+02  -0.61623265E+00
   0.15200000E+02  -0.61969957E+00
   0.15210000E+02  -0.62317498E+00
   0.15220000E+02  -0.62665891E+00
   0.15230000E+02  -0.63015087E+00
   0.15240000E+02  -0.63365038E+00
   0.15250000E+02  -0.63715844E+00
   0.15260000E+02  -0.64067459E+00
   0.15270000E+02  -0.64419882E+00
   0.15280000E+02  -0.64773167E+00
   0.15290000E+02  -0.65127214E+00
   0.15300000E+02  -0.65482075E+00
   0.15310000E+02  -0.65837801E+00
   0.15320000E+02  -0.66194395E+00
   0.15330000E+02  -0.66551708E+00
   0.15340000E+02  -0.66909890E+00
   0.15350000E+02  -0.67268945E+00
   0.15360000E+02  -0.67628723E+00
   0.15370000E+02  -0.67989425E+00
   0.15380000E+02  -0.68350955E+00
   0.15390000E+02  -0.68713262E+00
   0.15400000E+02  -0.69076449E+00
   0.15410000E+02  -0.69440467E+00
   0.15420000E+02  -0.69805318E+00
   0.15430000E+02  -0.70171003E+00
   0.15440000E+02  -0.70537474E+00
   0.15450000E+02  -0.70904831E+00
   0.15460000E+02  -0.71273078E+00
   0.15470000E+02  -0.71642115E+00
   0.15480000E+02  -0.72011944E+00
   0.15490000E+02  -0.72382665E+00
   0.15500000E+02  -0.72754282E+00
   0.15510000E+02  -0.73126695E+00
   0.15520000E+02  -0.73499956E+00
   0.15530000E+02  -0.73874066E+00
   0.15540000E+02  -0.74249027E+00
   0.15550000E+02  -0.74624790E+00
   0.15560000E+02  -0.75001456E+00
   0.15570000E+02  -0.75378978E+00
   0.15580000E+02  -0.75757356E+00
   0.15590000E+02  -0.76136593E+00
   0.15600000E+02  -0.76516639E+00
   0.15610000E+02  -0.76897546E+00
   0.15620000E+02  -0.77279315E+00
   0.15630000E+02  -0.77661948E+00
   0.15640000E+02  -0.78045446E+00
   0.15650000E+02  -0.78429761E+00
   0.15660000E+02  -0.78814943E+00
   0.15670000E+02  -0.79201045E+00
   0.15680000E+02  -0.79587968E+00
   0.15690000E+02  -0.79975713E+00
   0.15700000E+02  -0.80364381E+00
   0.15710000E+02  -0.80753875E+00
   0.15720000E+02  -0.81144194E+00
   0.15730000E+02  -0.81535441E+00
   0.15740000E+02  -0.81927517E+00
   0.15750000E+02  -0.82320473E+00
   0.15760000E+02  -0.82714261E+00
   0.15770000E+02  -0.83108881E+00
   0.15780000E+02  -0.83504435E+00
   0.15790000E+02  -0.83900825E+00
   0.15800000E+02  -0.84298051E+00
   0.15810000E+02  -0.84696165E+00
   0.15820000E+02  -0.85095168E+00
   0.15830000E+02  -0.85494962E+00
   0.15840000E+02  -0.85895646E+00
   0.15850000E+02  -0.86297224E+00
   0.15860000E+02  -0.86699645E+00
   0.15870000E+02  -0.87102912E+00
   0.15880000E+02  -0.87507024E+00
   0.15890000E+02  -0.87912034E+00
   0.15900000E+02  -0.88317892E+00
   0.15910000E+02  -0.88724600E+00
   0.15920000E+02  -0.89132158E+00
   0.15930000E+02  -0.89540618E+00
   0.15940000E+02  -0.89949931E+00
   0.15950000E+02  -0.90360048E+00
   0.15960000E+02  -0.90771019E+00
   0.15970000E+02  -0.91182896E+00
   0.15980000E+02  -0.91595580E+00
   0.15990000E+02  -0.92009171E+00
   0.16000000E+02  -0.92423572E+00
   0.16010000E+02  -0.92838831E+00
   0.16020000E+02  -0.93255002E+00
   0.16030000E+02  -0.93671884E+00
   0.16040000E+02  -0.94089677E+00
   0.16050000E+02  -0.94508384E+00
   0.16060000E+02  -0.94927905E+00
   0.16070000E+02  -0.95348241E+00
   0.16080000E+02  -0.95769392E+00
   0.16090000E+02  -0.96191459E+00
   0.16100000E+02  -0.96614344E+00
   0.16110000E+02  -0.97037996E+00
   0.16120000E+02  -0.97462516E+00
   0.16130000E+02  -0.97887905E+00
   0.16140000E+02  -0.98314114E+00
   0.16150000E+02  -0.98741143E+00
   0.16160000E+02  -0.99168993E+00
   0.16170000E+02  -0.99597664E+00
   0.16180000E+02  -0.10002716E+01
   0.16190000E+02  -0.10045747E+01
   0.16200000E+02  -0.10088856E+01
   0.16210000E+02  -0.10132047E+01
   0.16220000E+02  -0.10175325E+01
   0.16230000E+02  -0.10218681E+01
   0.16240000E+02  -0.10262114E+01
   0.16250000E+02  -0.10305630E+01
   0.16260000E+02  -0.10349218E+01
   0.16270000E+02  -0.10392888E+01
   0.16280000E+02  -0.10436641E+01
   0.16290000E+02  -0.10480462E+01
   0.16300000E+02  -0.10524360E+01
   0.16310000E+02  -0.10568335E+01
   0.16320000E+02  -0.10612387E+01
   0.16330000E+02  -0.10656512E+01
   0.16340000E+02  -0.10700705E+01
   0.16350000E+02  -0.10744969E+01
   0.16360000E+02  -0.10789306E+01
   0.16370000E+02  -0.10833705E+01
   0.16380000E+02  -0.10878170E+01
   0.16390000E+02  -0.10922698E+01
   0.16400000E+02  -0.10967292E+01
   0.16410000E+02  -0.11011943E+01
   0.16420000E+02  -0.11056645E+01
   0.16430000E+02  -0.11101399E+01
   0.16440000E+02  -0.11146198E+01
   0.16450000E+02  -0.11191047E+01
   0.16460000E+02  -0.11235932E+01
   0.16470000E+02  -0.11280847E+01
   0.16480000E+02  -0.11325791E+01
   0.16490000E+02  -0.11370758E+01
   0.16500000E+02  -0.11415739E+01
   0.16510000E+02  -0.11460718E+01
   0.16520000E+02  -0.11505689E+01
   0.16530000E+02  -0.11550661E+01
   0.16540000E+02  -0.11595603E+01
   0.16550000E+02  -0.11640499E+01
   0.16560000E+02  -0.11685353E+01
   0.16570000E+02  -0.11730144E+01
   0.16580000E+02  -0.11774861E+01
   0.16590000E+02  -0.11819487E+01
   0.16600000E+02  -0.11864005E+01
   0.16610000E+02  -0.11908404E+01
   0.16620000E+02  -0.11952672E+01
   0.16630000E+02  -0.11996791E+01
   0.16640000E+02  -0.12040735E+01
   0.16650000E+02  -0.12084512E+01
   0.16660000E+02  -0.12128114E+01
   0.16670000E+02  -0.12171514E+01
   0.16680000E+02  -0.12214709E+01
   0.16690000E+02  -0.12257711E+01
   0.16700000E+02  -0.12300525E+01
   0.16710000E+02  -0.12343142E+01
   0.16720000E+02  -0.12385569E+01
   0.16730000E+02  -0.12427825E+01
   0.16740000E+02  -0.12469943E+01
   0.16750000E+02  -0.12511937E+01
   0.16760000E+02  -0.12553818E+01
   0.16770000E+02  -0.12595623E+01
   0.16780000E+02  -0.12637389E+01
   0.16790000E+02  -0.12679146E+01
   0.16800000E+02  -0.12720915E+01
   0.16810000E+02  -0.12762729E+01
   0.16820000E+02  -0.12804634E+01
   0.16830000E+02  -0.12846662E+01
   0.16840000E+02  -0.12888828E+01
   0.16850000E+02  -0.12931158E+01
   0.16860000E+02  -0.12973684E+01
   0.16870000E+02  -0.13016428E+01
   0.16880000E+02  -0.13059416E+01
   0.16890000E+02  -0.13102651E+01
   0.16900000E+02  -0.13146145E+01
   0.16910000E+02  -0.13189931E+01
   0.16920000E+02  -0.13234005E+01
   0.16930000E+02  -0.13278365E+01
   0.16940000E+02  -0.13323019E+01
   0.16950000E+02  -0.13367975E+01
   0.16960000E+02  -0.13413243E+01
   0.16970000E+02  -0.13458813E+01
   0.16980000E+02  -0.13504667E+01
   0.16990000E+02  -0.13550816E+01
   0.17000000E+02  -0.13597269E+01
   0.17010000E+02  -0.13644007E+01
   0.17020000E+02  -0.13691012E+01
   0.17030000E+02  -0.13738293E+01
   0.17040000E+02  -0.13785855E+01
   0.17050000E+02  -0.13833675E+01
   0.17060000E+02  -0.13881742E+01
   0.17070000E+02  -0.13930045E+01
   0.17080000E+02  -0.13978592E+01
   0.17090000E+02  -0.14027389E+01
   0.17100000E+02  -0.14076419E+01
   0.17110000E+02  -0.14125632E+01
   0.17120000E+02  -0.14175004E+01
   0.17130000E+02  -0.14224661E+01
   0.17140000E+02  -0.14274556E+01
   0.17150000E+02  -0.14324539E+01
   0.17160000E+02  -0.14374760E+01
   0.17170000E+02  -0.14425172E+01
   0.17180000E+02  -0.14475674E+01
   0.17190000E+02  -0.14526417E+01
   0.17200000E+02  -0.14577303E+01
   0.17210000E+02  -0.14628331E+01
   0.17220000E+02  -0.14679603E+01
   0.17230000E+02  -0.14730970E+01
   0.17240000E+02  -0.14782431E+01
   0.17250000E+02  -0.14834037E+01
   0.17260000E+02  -0.14885838E+01
   0.17270000E+02  -0.14937786E+01
   0.17280000E+02  -0.14989830E+01
   0.17290000E+02  -0.15041971E+01
   0.17300000E+02  -0.15094308E+01
   0.17310000E+02  -0.15146794E+01
   0.17320000E+02  -0.15199277E+01
   0.17330000E+02  -0.15251957E+01
   0.17340000E+02  -0.15304786E+01
   0.17350000E+02  -0.15357713E+01
   0.17360000E+02  -0.15410739E+01
   0.17370000E+02  -0.15463863E+01
   0.17380000E+02  -0.15517136E+01
   0.17390000E+02  -0.15570558E+01
   0.17400000E+02  -0.15624030E+01
   0.17410000E+02  -0.15677600E+01
   0.17420000E+02  -0.15731320E+01
   0.17430000E+02  -0.15785089E+01
   0.17440000E+02  -0.15839007E+01
   0.17450000E+02  -0.15893025E+01
   0.17460000E+02  -0.15947142E+01
   0.17470000E+02  -0.16001409E+01
   0.17480000E+02  -0.16055726E+01
   0.17490000E+02  -0.16110092E+01
   0.17500000E+02  -0.16164607E+01
   0.17510000E+02  -0.16219272E+01
   0.17520000E+02  -0.16273987E+01
   0.17530000E+02  -0.16328751E+01
   0.17540000E+02  -0.16383664E+01
   0.17550000E+02  -0.16438627E+01
   0.17560000E+02  -0.16493738E+01
   0.17570000E+02  -0.16548950E+01
   0.17580000E+02  -0.16604160E+01
   0.17590000E+02  -0.16659469E+01
   0.17600000E+02  -0.16714926E+01
   0.17610000E+02  -0.16770483E+01
   0.17620000E+02  -0.16826088E+01
   0.17630000E+02  -0.16881792E+01
   0.17640000E+02  -0.16937544E+01
   0.17650000E+02  -0.16993394E+01
   0.17660000E+02  -0.17049342E+01
   0.17670000E+02  -0.17105388E+01
   0.17680000E+02  -0.17161482E+01
   0.17690000E+02  -0.17217673E+01
   0.17700000E+02  -0.17273962E+01
   0.17710000E+02  -0.17330248E+01
   0.17720000E+02  -0.17386630E+01
   0.17730000E+02  -0.17443109E+01
   0.17740000E+02  -0.17499684E+01
   0.17750000E+02  -0.17556256E+01
   0.17760000E+02  -0.17612872E+01
   0.17770000E+02  -0.17669634E+01
   0.17780000E+02  -0.17726441E+01
   0.17790000E+02  -0.17783293E+01
   0.17800000E+02  -0.17840139E+01
   0.17810000E+02  -0.17897028E+01
   0.17820000E+02  -0.17954060E+01
   0.17830000E+02  -0.18011136E+01
   0.17840000E+02  -0.18068154E+01
   0.17850000E+02  -0.18125263E+01
   0.17860000E+02  -0.18182464E+01
   0.17870000E+02  -0.18239706E+01
   0.17880000E+02  -0.18296939E+01
   0.17890000E+02  -0.18354211E+01
   0.17900000E+02  -0.18411523E+01
   0.17910000E+02  -0.18468923E+01
   0.17920000E+02  -0.18526313E+01
   0.17930000E+02  -0.18583689E+01
   0.17940000E+02  -0.18641153E+01
   0.17950000E+02  -0.18698703E+01
   0.17960000E+02  -0.18756241E+01
   0.17970000E+02  -0.18813713E+01
   0.17980000E+02  -0.18871320E+01
   0.17990000E+02  -0.18928962E+01
   0.18000000E+02  -0.18986588E+01
   0.18010000E+02  -0.19044247E+01
   0.18020000E+02  -0.19101889E+01
   0.18030000E+02  -0.19159612E+01
   0.18040000E+02  -0.19217418E+01
   0.18050000E+02  -0.19275155E+01
   0.18060000E+02  -0.19332922E+01
   0.18070000E+02  -0.19390719E+01
   0.18080000E+02  -0.19448595E+01
   0.18090000E+02  -0.19506451E+01
   0.18100000E+02  -0.19564284E+01
   0.18110000E+02  -0.19622195E+01
   0.18120000E+02  -0.19680133E+01
   0.18130000E+02  -0.19738098E+01
   0.18140000E+02  -0.19795989E+01
   0.18150000E+02  -0.19853904E+01
   0.18160000E+02  -0.19911994E+01
   0.18170000E+02  -0.19970060E+01
   0.18180000E+02  -0.20028049E+01
   0.18190000E+02  -0.20086111E+01
   0.18200000E+02  -0.20144196E+01
   0.18210000E+02  -0.20202303E+01
   0.18220000E+02  -0.20260432E+01
   0.18230000E+02  -0.20318532E+01
   0.18240000E+02  -0.20376702E+01
   0.18250000E+02  -0.20434943E+01
   0.18260000E+02  -0.20493154E+01
   0.18270000E+02  -0.20551334E+01
   0.18280000E+02  -0.20609532E+01
   0.18290000E+02  -0.20667798E+01
   0.18300000E+02  -0.20726132E+01
   0.18310000E+02  -0.20784434E+01
   0.18320000E+02  -0.20842702E+01
   0.18330000E+02  -0.20901086E+01
   0.18340000E+02  -0.20959537E+01
   0.18350000E+02  -0.21017904E+01
   0.18360000E+02  -0.21076235E+01
   0.18370000E+02  -0.21134630E+01
   0.18380000E+02  -0.21193189E+01
   0.18390000E+02  -0.21251714E+01
   0.18400000E+02  -0.21310101E+01
   0.18410000E+02  -0.21368600E+01
   0.18420000E+02  -0.21427212E+01
   0.18430000E+02  -0.21485837E+01
   0.18440000E+02  -0.21544424E+01
   0.18450000E+02  -0.21602922E+01
   0.18460000E+02  -0.21661579E+01
   0.18470000E+02  -0.21720349E+01
   0.18480000E+02  -0.21779029E+01
   0.18490000E+02  -0.21837619E+01
   0.18500000E+02  -0.21896316E+01
   0.18510000E+02  -0.21955224E+01
   0.18520000E+02  -0.22014042E+01
   0.18530000E+02  -0.22072718E+01
   0.18540000E+02  -0.22131450E+01
   0.18550000E+02  -0.22190440E+01
   0.18560000E+02  -0.22249390E+01
   0.18570000E+02  -0.22308196E+01
   0.18580000E+02  -0.22367008E+01
   0.18590000E+02  -0.22426025E+01
   0.18600000E+02  -0.22485151E+01
   0.18610000E+02  -0.22544083E+01
   0.18620000E+02  -0.22602969E+01
   0.18630000E+02  -0.22661959E+01
   0.18640000E+02  -0.22721204E+01
   0.18650000E+02  -0.22780357E+01
   0.18660000E+02  -0.22839262E+01
   0.18670000E+02  -0.22898319E+01
   0.18680000E+02  -0.22957680E+01
   0.18690000E+02  -0.23016948E+01
   0.18700000E+02  -0.23075967E+01
   0.18710000E+02  -0.23135137E+01
   0.18720000E+02  -0.23194510E+01
   0.18730000E+02  -0.23253887E+01
   0.18740000E+02  -0.23313116E+01
   0.18750000E+02  -0.23372245E+01
   0.18760000E+02  -0.23431623E+01
   0.18770000E+02  -0.23491255E+01
   0.18780000E+02  -0.23550590E+01
   0.18790000E+02  -0.23609772E+01
   0.18800000E+02  -0.23669203E+01
   0.18810000E+02  -0.23728885E+01
   0.18820000E+02  -0.23788470E+01
   0.18830000E+02  -0.23847753E+01
   0.18840000E+02  -0.23907082E+01
   0.18850000E+02  -0.23966809E+01
   0.18860000E+02  -0.24026639E+01
   0.18870000E+02  -0.24086068E+01
   0.18880000E+02  -0.24145441E+01
   0.18890000E+02  -0.24205161E+01
   0.18900000E+02  -0.24265081E+01
   0.18910000E+02  -0.24324701E+01
   0.18920000E+02  -0.24384114E+01
   0.18930000E+02  -0.24443822E+01
   0.18940000E+02  -0.24503878E+01
   0.18950000E+02  -0.24563735E+01
   0.18960000E+02  -0.24623185E+01
   0.18970000E+02  -0.24682877E+01
   0.18980000E+02  -0.24742966E+01
   0.18990000E+02  -0.24803004E+01
   0.19000000E+02  -0.24862637E+01
   0.19010000E+02  -0.24922260E+01
   0.19020000E+02  -0.24982327E+01
   0.19030000E+02  -0.25042592E+01
   0.19040000E+02  -0.25102454E+01
   0.19050000E+02  -0.25162055E+01
   0.19060000E+02  -0.25222047E+01
   0.19070000E+02  -0.25282435E+01
   0.19080000E+02  -0.25342521E+01
   0.19090000E+02  -0.25402196E+01
   0.19100000E+02  -0.25462160E+01
   0.19110000E+02  -0.25522568E+01
   0.19120000E+02  -0.25582873E+01
   0.19130000E+02  -0.25642719E+01
   0.19140000E+02  -0.25702552E+01
   0.19150000E+02  -0.25762925E+01
   0.19160000E+02  -0.25823545E+01
   0.19170000E+02  -0.25883559E+01
   0.19180000E+02  -0.25943307E+01
   0.19190000E+02  -0.26003643E+01
   0.19200000E+02  -0.26064374E+01
   0.19210000E+02  -0.26124650E+01
   0.19220000E+02  -0.26184461E+01
   0.19230000E+02  -0.26244657E+01
   0.19240000E+02  -0.26305495E+01
   0.19250000E+02  -0.26366080E+01
   0.19260000E+02  -0.26425951E+01
   0.19270000E+02  -0.26486004E+01
   0.19280000E+02  -0.26546796E+01
   0.19290000E+02  -0.26607684E+01
   0.19300000E+02  -0.26667762E+01
   0.19310000E+02  -0.26727669E+01
   0.19320000E+02  -0.26788362E+01
   0.19330000E+02  -0.26849499E+01
   0.19340000E+02  -0.26909930E+01
   0.19350000E+02  -0.26969740E+01
   0.19360000E+02  -0.27030231E+01
   0.19370000E+02  -0.27091464E+01
   0.19380000E+02  -0.27152242E+01
   0.19390000E+02  -0.27212202E+01
   0.19400000E+02  -0.27272440E+01
   0.19410000E+02  -0.27333615E+01
   0.19420000E+02  -0.27394786E+01
   0.19430000E+02  -0.27454943E+01
   0.19440000E+02  -0.27514975E+01
   0.19450000E+02  -0.27575990E+01
   0.19460000E+02  -0.27637449E+01
   0.19470000E+02  -0.27697999E+01
   0.19480000E+02  -0.27757924E+01
   0.19490000E+02  -0.27818627E+01
   0.19500000E+02  -0.27880270E+01
   0.19510000E+02  -0.27941259E+01
   0.19520000E+02  -0.28001174E+01
   0.19530000E+02  -0.28061613E+01
   0.19540000E+02  -0.28123238E+01
   0.19550000E+02  -0.28184660E+01
   0.19560000E+02  -0.28244763E+01
   0.19570000E+02  -0.28304886E+01
   0.19580000E+02  -0.28366340E+01
   0.19590000E+02  -0.28428240E+01
   0.19600000E+02  -0.28488729E+01
   0.19610000E+02  -0.28548585E+01
   0.19620000E+02  -0.28609667E+01
   0.19630000E+02  -0.28671790E+01
   0.19640000E+02  -0.28732859E+01
   0.19650000E+02  -0.28792647E+01
   0.19660000E+02  -0.28853255E+01
   0.19670000E+02  -0.28915448E+01
   0.19680000E+02  -0.28977142E+01
   0.19690000E+02  -0.29037060E+01
   0.19700000E+02  -0.29097293E+01
   0.19710000E+02  -0.29159206E+01
   0.19720000E+02  -0.29221467E+01
   0.19730000E+02  -0.29281814E+01
   0.19740000E+02  -0.29341620E+01
   0.19750000E+02  -0.29403151E+01
   0.19760000E+02  -0.29465775E+01
   0.19770000E+02  -0.29526845E+01
   0.19780000E+02  -0.29586426E+01
   0.19790000E+02  -0.29647323E+01
   0.19800000E+02  -0.29710057E+01
   0.19810000E+02  -0.29771943E+01
   0.19820000E+02  -0.29831598E+01
   0.19830000E+02  -0.29891860E+01
   0.19840000E+02  -0.29954453E+01
   0.19850000E+02  -0.30017049E+01
   0.19860000E+02  -0.30077125E+01
   0.19870000E+02  -0.30136853E+01
   0.19880000E+02  -0.30198904E+01
   0.19890000E+02  -0.30262053E+01
   0.19900000E+02  -0.30322946E+01
   0.19910000E+02  -0.30382291E+01
   0.19920000E+02  -0.30443549E+01
   0.19930000E+02  -0.30506997E+01
   0.19940000E+02  -0.30568901E+01
   0.19950000E+02  -0.30628163E+01
   0.19960000E+02  -0.30688578E+01
   0.19970000E+02  -0.30751874E+01
   0.19980000E+02  -0.30814780E+01
   0.19990000E+02  -0.30874408E+01
   0.20000000E+02  -0.30934030E+01
   0.20010000E+02  -0.30996774E+01
   0.20020000E+02  -0.31060524E+01
   0.20030000E+02  -0.31121065E+01
   0.20040000E+02  -0.31180047E+01
   0.20050000E+02  -0.31241789E+01
   0.20060000E+02  -0.31306027E+01
   0.20070000E+02  -0.31367824E+01
   0.20080000E+02  -0.31426517E+01
   0.20090000E+02  -0.31487107E+01
   0.20100000E+02  -0.31551381E+01
   0.20110000E+02  -0.31614575E+01
   0.20120000E+02  -0.31673480E+01
   0.20130000E+02  -0.31733019E+01
   0.20140000E+02  -0.31796682E+01
   0.20150000E+02  -0.31861011E+01
   0.20160000E+02  -0.31920926E+01
   0.20170000E+02  -0.31979468E+01
   0.20180000E+02  -0.32041919E+01
   0.20190000E+02  -0.32107075E+01
   0.20200000E+02  -0.32168593E+01
   0.20210000E+02  -0.32226542E+01
   0.20220000E+02  -0.32287482E+01
   0.20230000E+02  -0.32352863E+01
   0.20240000E+02  -0.32416173E+01
   0.20250000E+02  -0.32474181E+01
   0.20260000E+02  -0.32533562E+01
   0.20270000E+02  -0.32598419E+01
   0.20280000E+02  -0.32663458E+01
   0.20290000E+02  -0.32722375E+01
   0.20300000E+02  -0.32780401E+01
   0.20310000E+02  -0.32843888E+01
   0.20320000E+02  -0.32910093E+01
   0.20330000E+02  -0.32970962E+01
   0.20340000E+02  -0.33027991E+01
   0.20350000E+02  -0.33089508E+01
   0.20360000E+02  -0.33156225E+01
   0.20370000E+02  -0.33219533E+01
   0.20380000E+02  -0.33276321E+01
   0.20390000E+02  -0.33335670E+01
   0.20400000E+02  -0.33402051E+01
   0.20410000E+02  -0.33467633E+01
   0.20420000E+02  -0.33525229E+01
   0.20430000E+02  -0.33582716E+01
   0.20440000E+02  -0.33647616E+01
   0.20450000E+02  -0.33714955E+01
   0.20460000E+02  -0.33774804E+01
   0.20470000E+02  -0.33830741E+01
   0.20480000E+02  -0.33893111E+01
   0.20490000E+02  -0.33961548E+01
   0.20500000E+02  -0.34024388E+01
   0.20510000E+02  -0.34079581E+01
   0.20520000E+02  -0.34139175E+01
   0.20530000E+02  -0.34207511E+01
   0.20540000E+02  -0.34273522E+01
   0.20550000E+02  -0.34329276E+01
   0.20560000E+02  -0.34386250E+01
   0.20570000E+02  -0.34453093E+01
   0.20580000E+02  -0.34521703E+01
   0.20590000E+02  -0.34579815E+01
   0.20600000E+02  -0.34634483E+01
   0.20610000E+02  -0.34698336E+01
   0.20620000E+02  -0.34768679E+01
   0.20630000E+02  -0.34830635E+01
   0.20640000E+02  -0.34883961E+01
   0.20650000E+02  -0.34944079E+01
   0.20660000E+02  -0.35014754E+01
   0.20670000E+02  -0.35080931E+01
   0.20680000E+02  -0.35134472E+01
   0.20690000E+02  -0.35190913E+01
   0.20700000E+02  -0.35260178E+01
   0.20710000E+02  -0.35330149E+01
   0.20720000E+02  -0.35385955E+01
   0.20730000E+02  -0.35439233E+01
   0.20740000E+02  -0.35505148E+01
   0.20750000E+02  -0.35577788E+01
   0.20760000E+02  -0.35638097E+01
   0.20770000E+02  -0.35689032E+01
   0.20780000E+02  -0.35750201E+01
   0.20790000E+02  -0.35824052E+01
   0.20800000E+02  -0.35889939E+01
   0.20810000E+02  -0.35940195E+01
   0.20820000E+02  -0.35996476E+01
   0.20830000E+02  -0.36069299E+01
   0.20840000E+02  -0.36140477E+01
   0.20850000E+02  -0.36192760E+01
   0.20860000E+02  -0.36244570E+01
   0.20870000E+02  -0.36313729E+01
   0.20880000E+02  -0.36388862E+01
   0.20890000E+02  -0.36446410E+01
   0.20900000E+02  -0.36494778E+01
   0.20910000E+02  -0.36557931E+01
   0.20920000E+02  -0.36635151E+01
   0.20930000E+02  -0.36699885E+01
   0.20940000E+02  -0.36746782E+01
   0.20950000E+02  -0.36803339E+01
   0.20960000E+02  -0.36880005E+01
   0.20970000E+02  -0.36952032E+01
   0.20980000E+02  -0.37000420E+01
   0.20990000E+02  -0.37050947E+01
   0.21000000E+02  -0.37123832E+01
   0.21010000E+02  -0.37201653E+01
   0.21020000E+02  -0.37255626E+01
   0.21030000E+02  -0.37301006E+01
   0.21040000E+02  -0.37366971E+01
   0.21050000E+02  -0.37448506E+01
   0.21060000E+02  -0.37511184E+01
   0.21070000E+02  -0.37553400E+01
   0.21080000E+02  -0.37610854E+01
   0.21090000E+02  -0.37693204E+01
   0.21100000E+02  -0.37765638E+01
   0.21110000E+02  -0.37808063E+01
   0.21120000E+02  -0.37857074E+01
   0.21130000E+02  -0.37936113E+01
   0.21140000E+02  -0.38017238E+01
   0.21150000E+02  -0.38065026E+01
   0.21160000E+02  -0.38106632E+01
   0.21170000E+02  -0.38177734E+01
   0.21180000E+02  -0.38264795E+01
   0.21190000E+02  -0.38323266E+01
   0.21200000E+02  -0.38359669E+01
   0.21210000E+02  -0.38419597E+01
   0.21220000E+02  -0.38508781E+01
   0.21230000E+02  -0.38580222E+01
   0.21240000E+02  -0.38615756E+01
   0.21250000E+02  -0.38664383E+01
   0.21260000E+02  -0.38750521E+01
   0.21270000E+02  -0.38833801E+01
   0.21280000E+02  -0.38874476E+01
   0.21290000E+02  -0.38913491E+01
   0.21300000E+02  -0.38990626E+01
   0.21310000E+02  -0.39082164E+01
   0.21320000E+02  -0.39135253E+01
   0.21330000E+02  -0.39166921E+01
   0.21340000E+02  -0.39230370E+01
   0.21350000E+02  -0.39325987E+01
   0.21360000E+02  -0.39395124E+01
   0.21370000E+02  -0.39423790E+01
   0.21380000E+02  -0.39472923E+01
   0.21390000E+02  -0.39566901E+01
   0.21400000E+02  -0.39651841E+01
   0.21410000E+02  -0.39683984E+01
   0.21420000E+02  -0.39720135E+01
   0.21430000E+02  -0.39805379E+01
   0.21440000E+02  -0.39902663E+01
   0.21450000E+02  -0.39947671E+01
   0.21460000E+02  -0.39972619E+01
   0.21470000E+02  -0.40042051E+01
   0.21480000E+02  -0.40147266E+01
   0.21490000E+02  -0.40211974E+01
   0.21500000E+02  -0.40229994E+01
   0.21510000E+02  -0.40280533E+01
   0.21520000E+02  -0.40387092E+01
   0.21530000E+02  -0.40473437E+01
   0.21540000E+02  -0.40492083E+01
   0.21550000E+02  -0.40524366E+01
   0.21560000E+02  -0.40623135E+01
   0.21570000E+02  -0.40728070E+01
   0.21580000E+02  -0.40759350E+01
   0.21590000E+02  -0.40775370E+01
   0.21600000E+02  -0.40855745E+01
   0.21610000E+02  -0.40973550E+01
   0.21620000E+02  -0.41029248E+01
   0.21630000E+02  -0.41033772E+01
   0.21640000E+02  -0.41089130E+01
   0.21650000E+02  -0.41211489E+01
   0.21660000E+02  -0.41295966E+01
   0.21670000E+02  -0.41298468E+01
   0.21680000E+02  -0.41329208E+01
   0.21690000E+02  -0.41444352E+01
   0.21700000E+02  -0.41554820E+01
   0.21710000E+02  -0.41569129E+01
   0.21720000E+02  -0.41578739E+01
   0.21730000E+02  -0.41673215E+01
   0.21740000E+02  -0.41801541E+01
   0.21750000E+02  -0.41844345E+01
   0.21760000E+02  -0.41837877E+01
   0.21770000E+02  -0.41901671E+01
   0.21780000E+02  -0.42037906E+01
   0.21790000E+02  -0.42116543E+01
   0.21800000E+02  -0.42104498E+01
   0.21810000E+02  -0.42137156E+01
   0.21820000E+02  -0.42268291E+01
   0.21830000E+02  -0.42380695E+01
   0.21840000E+02  -0.42377577E+01
   0.21850000E+02  -0.42383722E+01
   0.21860000E+02  -0.42494252E+01
   0.21870000E+02  -0.42630833E+01
   0.21880000E+02  -0.42657400E+01
   0.21890000E+02  -0.42641858E+01
   0.21900000E+02  -0.42717334E+01
   0.21910000E+02  -0.42867478E+01
   0.21920000E+02  -0.42936671E+01
   0.21930000E+02  -0.42909240E+01
   0.21940000E+02  -0.42945796E+01
   0.21950000E+02  -0.43095923E+01
   0.21960000E+02  -0.43208603E+01
   0.21970000E+02  -0.43184375E+01
   0.21980000E+02  -0.43186522E+01
   0.21990000E+02  -0.43318313E+01
   0.22000000E+02  -0.43465721E+01
   0.22010000E+02  -0.43469008E+01
   0.22020000E+02  -0.43441273E+01
   0.22030000E+02  -0.43534627E+01
   0.22040000E+02  -0.43704636E+01
   0.22050000E+02  -0.43758249E+01
   0.22060000E+02  -0.43708814E+01
   0.22070000E+02  -0.43752851E+01
   0.22080000E+02  -0.43930375E+01
   0.22090000E+02  -0.44041132E+01
   0.22100000E+02  -0.43986903E+01
   0.22110000E+02  -0.43984226E+01
   0.22120000E+02  -0.44147572E+01
   0.22130000E+02  -0.44308788E+01
   0.22140000E+02  -0.44277546E+01
   0.22150000E+02  -0.44233224E+01
   0.22160000E+02  -0.44355421E+01
   0.22170000E+02  -0.44551772E+01
   0.22180000E+02  -0.44579447E+01
   0.22190000E+02  -0.44500777E+01
   0.22200000E+02  -0.44560244E+01
   0.22210000E+02  -0.44774345E+01
   0.22220000E+02  -0.44876260E+01
   0.22230000E+02  -0.44783020E+01
   0.22240000E+02  -0.44778621E+01
   0.22250000E+02  -0.44984626E+01
   0.22260000E+02  -0.45157124E+01
   0.22270000E+02  -0.45080554E+01
   0.22280000E+02  -0.45019954E+01
   0.22290000E+02  -0.45183003E+01
   0.22300000E+02  -0.45406996E+01
   0.22310000E+02  -0.45395265E+01
   0.22320000E+02  -0.45286591E+01
   0.22330000E+02  -0.45373007E+01
   0.22340000E+02  -0.45627197E+01
   0.22350000E+02  -0.45708457E+01
   0.22360000E+02  -0.45573331E+01
   0.22370000E+02  -0.45575742E+01
   0.22380000E+02  -0.45829402E+01
   0.22390000E+02  -0.46004613E+01
   0.22400000E+02  -0.45877438E+01
   0.22410000E+02  -0.45807088E+01
   0.22420000E+02  -0.46018443E+01
   0.22430000E+02  -0.46265705E+01
   0.22440000E+02  -0.46202232E+01
   0.22450000E+02  -0.46070186E+01
   0.22460000E+02  -0.46195200E+01
   0.22470000E+02  -0.46486143E+01
   0.22480000E+02  -0.46533378E+01
   0.22490000E+02  -0.46360013E+01
   0.22500000E+02  -0.46380390E+01
   0.22510000E+02  -0.46680724E+01
   0.22520000E+02  -0.46846833E+01
   0.22530000E+02  -0.46668985E+01
   0.22540000E+02  -0.46597772E+01
   0.22550000E+02  -0.46861992E+01
   0.22560000E+02  -0.47124301E+01
   0.22570000E+02  -0.46999878E+01
   0.22580000E+02  -0.46853657E+01
   0.22590000E+02  -0.47028396E+01
   0.22600000E+02  -0.47349461E+01
   0.22610000E+02  -0.47349412E+01
   0.22620000E+02  -0.47144164E+01
   0.22630000E+02  -0.47193877E+01
   0.22640000E+02  -0.47538518E+01
   0.22650000E+02  -0.47682445E+01
   0.22660000E+02  -0.47456146E+01
   0.22670000E+02  -0.47392287E+01
   0.22680000E+02  -0.47713008E+01
   0.22690000E+02  -0.47981153E+01
   0.22700000E+02  -0.47790980E+01
   0.22710000E+02  -0.47636080E+01
   0.22720000E+02  -0.47870904E+01
   0.22730000E+02  -0.48218545E+01
   0.22740000E+02  -0.48156297E+01
   0.22750000E+02  -0.47923174E+01
   0.22760000E+02  -0.48016290E+01
   0.22770000E+02  -0.48405778E+01
   0.22780000E+02  -0.48512347E+01
   0.22790000E+02  -0.48237984E+01
   0.22800000E+02  -0.48190063E+01
   0.22810000E+02  -0.48571894E+01
   0.22820000E+02  -0.48836100E+01
   0.22830000E+02  -0.48576439E+01
   0.22840000E+02  -0.48416413E+01
   0.22850000E+02  -0.48721805E+01
   0.22860000E+02  -0.49094686E+01
   0.22870000E+02  -0.48952191E+01
   0.22880000E+02  -0.48695598E+01
   0.22890000E+02  -0.48848610E+01
   0.22900000E+02  -0.49284480E+01
   0.22910000E+02  -0.49336661E+01
   0.22920000E+02  -0.49013228E+01
   0.22930000E+02  -0.48991398E+01
   0.22940000E+02  -0.49440236E+01
   0.22950000E+02  -0.49689473E+01
   0.22960000E+02  -0.49354848E+01
   0.22970000E+02  -0.49193110E+01
   0.22980000E+02  -0.49581812E+01
   0.22990000E+02  -0.49979754E+01
   0.23000000E+02  -0.49734845E+01
   0.23010000E+02  -0.49459562E+01
   0.23020000E+02  -0.49693302E+01
   0.23030000E+02  -0.50177701E+01
   0.23040000E+02  -0.50152164E+01
   0.23050000E+02  -0.49778991E+01
   0.23060000E+02  -0.49799263E+01
   0.23070000E+02  -0.50321858E+01
   0.23080000E+02  -0.50540270E+01
   0.23090000E+02  -0.50124161E+01
   0.23100000E+02  -0.49966579E+01
   0.23110000E+02  -0.50451938E+01
   0.23120000E+02  -0.50871528E+01
   0.23130000E+02  -0.50505928E+01
   0.23140000E+02  -0.50212730E+01
   0.23150000E+02  -0.50550188E+01
   0.23160000E+02  -0.51089354E+01
   0.23170000E+02  -0.50954156E+01
   0.23180000E+02  -0.50529393E+01
   0.23190000E+02  -0.50617992E+01
   0.23200000E+02  -0.51224120E+01
   0.23210000E+02  -0.51385272E+01
   0.23220000E+02  -0.50880624E+01
   0.23230000E+02  -0.50740477E+01
   0.23240000E+02  -0.51335504E+01
   0.23250000E+02  -0.51763031E+01
   0.23260000E+02  -0.51267922E+01
   0.23270000E+02  -0.50957177E+01
   0.23280000E+02  -0.51420141E+01
   0.23290000E+02  -0.52018133E+01
   0.23300000E+02  -0.51736333E+01
   0.23310000E+02  -0.51261704E+01
   0.23320000E+02  -0.51453628E+01
   0.23330000E+02  -0.52151416E+01
   0.23340000E+02  -0.52220009E+01
   0.23350000E+02  -0.51622343E+01
   0.23360000E+02  -0.51520247E+01
   0.23370000E+02  -0.52236927E+01
   0.23380000E+02  -0.52646993E+01
   0.23390000E+02  -0.52019449E+01
   0.23400000E+02  -0.51695357E+01
   0.23410000E+02  -0.52305383E+01
   0.23420000E+02  -0.52959087E+01
   0.23430000E+02  -0.52494018E+01
   0.23440000E+02  -0.51979032E+01
   0.23450000E+02  -0.52314208E+01
   0.23460000E+02  -0.53102366E+01
   0.23470000E+02  -0.53037689E+01
   0.23480000E+02  -0.52348654E+01
   0.23490000E+02  -0.52313785E+01
   0.23500000E+02  -0.53160653E+01
   0.23510000E+02  -0.53519897E+01
   0.23520000E+02  -0.52755935E+01
   0.23530000E+02  -0.52429811E+01
   0.23540000E+02  -0.53210343E+01
   0.23550000E+02  -0.53904444E+01
   0.23560000E+02  -0.53227285E+01
   0.23570000E+02  -0.52682058E+01
   0.23580000E+02  -0.53202570E+01
   0.23590000E+02  -0.54076309E+01
   0.23600000E+02  -0.53827536E+01
   0.23610000E+02  -0.53056782E+01
   0.23620000E+02  -0.53131213E+01
   0.23630000E+02  -0.54110862E+01
   0.23640000E+02  -0.54379648E+01
   0.23650000E+02  -0.53476169E+01
   0.23660000E+02  -0.53168020E+01
   0.23670000E+02  -0.54134261E+01
   0.23680000E+02  -0.54841317E+01
   0.23690000E+02  -0.53945718E+01
   0.23700000E+02  -0.53376589E+01
   0.23710000E+02  -0.54116662E+01
   0.23720000E+02  -0.55069211E+01
   0.23730000E+02  -0.54573166E+01
   0.23740000E+02  -0.53741667E+01
   0.23750000E+02  -0.53987801E+01
   0.23760000E+02  -0.55092353E+01
   0.23770000E+02  -0.55213961E+01
   0.23780000E+02  -0.54184106E+01
   0.23790000E+02  -0.53928032E+01
   0.23800000E+02  -0.55073453E+01
   0.23810000E+02  -0.55751427E+01
   0.23820000E+02  -0.54659619E+01
   0.23830000E+02  -0.54073956E+01
   0.23840000E+02  -0.55045760E+01
   0.23850000E+02  -0.56072338E+01
   0.23860000E+02  -0.55274232E+01
   0.23870000E+02  -0.54410721E+01
   0.23880000E+02  -0.54893002E+01
   0.23890000E+02  -0.56103427E+01
   0.23900000E+02  -0.56011303E+01
   0.23910000E+02  -0.54876967E+01
   0.23920000E+02  -0.54726361E+01
   0.23930000E+02  -0.56032872E+01
   0.23940000E+02  -0.56622133E+01
   0.23950000E+02  -0.55364538E+01
   0.23960000E+02  -0.54784480E+01
   0.23970000E+02  -0.55988022E+01
   0.23980000E+02  -0.57066921E+01
   0.23990000E+02  -0.55945369E+01
