  -0.40000000E+01   0.24000000E+02    2800   0.10000000E-01
  -0.40000000E+01   0.13147216E+01
  -0.39900000E+01   0.13144323E+01
  -0.39800000E+01   0.13141429E+01
  -0.39700000E+01   0.13138533E+01
  -0.39600000E+01   0.13135634E+01
  -0.39500000E+01   0.13132735E+01
  -0.39400000E+01   0.13129834E+01
  -0.39300000E+01   0.13126931E+01
  -0.39200000E+01   0.13124026E+01
  -0.39100000E+01   0.13121120E+01
  -0.39000000E+01   0.13118211E+01
  -0.38900000E+01   0.13115302E+01
  -0.38800000E+01   0.13112390E+01
  -0.38700000E+01   0.13109476E+01
  -0.38600000E+01   0.13106561E+01
  -0.38500000E+01   0.13103644E+01
  -0.38400000E+01   0.13100725E+01
  -0.38300000E+01   0.13097804E+01
  -0.38200000E+01   0.13094882E+01
  -0.38100000E+01   0.13091958E+01
  -0.38000000E+01   0.13089032E+01
  -0.37900000E+01   0.13086105E+01
  -0.37800000E+01   0.13083176E+01
  -0.37700000E+01   0.13080245E+01
  -0.37600000E+01   0.13077311E+01
  -0.37500000E+01   0.13074377E+01
  -0.37400000E+01   0.13071441E+01
  -0.37300000E+01   0.13068503E+01
  -0.37200000E+01   0.13065562E+01
  -0.37100000E+01   0.13062620E+01
  -0.37000000E+01   0.13059677E+01
  -0.36900000E+01   0.13056732E+01
  -0.36800000E+01   0.13053785E+01
  -0.36700000E+01   0.13050836E+01
  -0.36600000E+01   0.13047885E+01
  -0.36500000E+01   0.13044933E+01
  -0.36400000E+01   0.13041978E+01
  -0.36300000E+01   0.13039022E+01
  -0.36200000E+01   0.13036065E+01
  -0.36100000E+01   0.13033105E+01
  -0.36000000E+01   0.13030143E+01
  -0.35900000E+01   0.13027180E+01
  -0.35800000E+01   0.13024215E+01
  -0.35700000E+01   0.13021249E+01
  -0.35600000E+01   0.13018280E+01
  -0.35500000E+01   0.13015309E+01
  -0.35400000E+01   0.13012337E+01
  -0.35300000E+01   0.13009363E+01
  -0.35200000E+01   0.13006387E+01
  -0.35100000E+01   0.13003409E+01
  -0.35000000E+01   0.13000430E+01
  -0.34900000E+01   0.12997449E+01
  -0.34800000E+01   0.12994465E+01
  -0.34700000E+01   0.12991480E+01
  -0.34600000E+01   0.12988494E+01
  -0.34500000E+01   0.12985505E+01
  -0.34400000E+01   0.12982514E+01
  -0.34300000E+01   0.12979522E+01
  -0.34200000E+01   0.12976528E+01
  -0.34100000E+01   0.12973532E+01
  -0.34000000E+01   0.12970534E+01
  -0.33900000E+01   0.12967535E+01
  -0.33800000E+01   0.12964533E+01
  -0.33700000E+01   0.12961530E+01
  -0.33600000E+01   0.12958525E+01
  -0.33500000E+01   0.12955518E+01
  -0.33400000E+01   0.12952509E+01
  -0.33300000E+01   0.12949498E+01
  -0.33200000E+01   0.12946485E+01
  -0.33100000E+01   0.12943471E+01
  -0.33000000E+01   0.12940455E+01
  -0.32900000E+01   0.12937437E+01
  -0.32800000E+01   0.12934416E+01
  -0.32700000E+01   0.12931395E+01
  -0.32600000E+01   0.12928371E+01
  -0.32500000E+01   0.12925346E+01
  -0.32400000E+01   0.12922318E+01
  -0.32300000E+01   0.12919288E+01
  -0.32200000E+01   0.12916258E+01
  -0.32100000E+01   0.12913224E+01
  -0.32000000E+01   0.12910189E+01
  -0.31900000E+01   0.12907153E+01
  -0.31800000E+01   0.12904114E+01
  -0.31700000E+01   0.12901073E+01
  -0.31600000E+01   0.12898031E+01
  -0.31500000E+01   0.12894986E+01
  -0.31400000E+01   0.12891940E+01
  -0.31300000E+01   0.12888892E+01
  -0.31200000E+01   0.12885842E+01
  -0.31100000E+01   0.12882790E+01
  -0.31000000E+01   0.12879736E+01
  -0.30900000E+01   0.12876680E+01
  -0.30800000E+01   0.12873623E+01
  -0.30700000E+01   0.12870563E+01
  -0.30600000E+01   0.12867502E+01
  -0.30500000E+01   0.12864438E+01
  -0.30400000E+01   0.12861373E+01
  -0.30300000E+01   0.12858306E+01
  -0.30200000E+01   0.12855237E+01
  -0.30100000E+01   0.12852166E+01
  -0.30000000E+01   0.12849093E+01
  -0.29900000E+01   0.12846018E+01
  -0.29800000E+01   0.12842941E+01
  -0.29700000E+01   0.12839863E+01
  -0.29600000E+01   0.12836782E+01
  -0.29500000E+01   0.12833700E+01
  -0.29400000E+01   0.12830615E+01
  -0.29300000E+01   0.12827529E+01
  -0.29200000E+01   0.12824440E+01
  -0.29100000E+01   0.12821350E+01
  -0.29000000E+01   0.12818258E+01
  -0.28900000E+01   0.12815164E+01
  -0.28800000E+01   0.12812068E+01
  -0.28700000E+01   0.12808970E+01
  -0.28600000E+01   0.12805870E+01
  -0.28500000E+01   0.12802768E+01
  -0.28400000E+01   0.12799664E+01
  -0.28300000E+01   0.12796558E+01
  -0.28200000E+01   0.12793450E+01
  -0.28100000E+01   0.12790341E+01
  -0.28000000E+01   0.12787229E+01
  -0.27900000E+01   0.12784115E+01
  -0.27800000E+01   0.12781000E+01
  -0.27700000E+01   0.12777882E+01
  -0.27600000E+01   0.12774763E+01
  -0.27500000E+01   0.12771641E+01
  -0.27400000E+01   0.12768517E+01
  -0.27300000E+01   0.12765392E+01
  -0.27200000E+01   0.12762265E+01
  -0.27100000E+01   0.12759135E+01
  -0.27000000E+01   0.12756004E+01
  -0.26900000E+01   0.12752870E+01
  -0.26800000E+01   0.12749735E+01
  -0.26700000E+01   0.12746598E+01
  -0.26600000E+01   0.12743458E+01
  -0.26500000E+01   0.12740317E+01
  -0.26400000E+01   0.12737174E+01
  -0.26300000E+01   0.12734028E+01
  -0.26200000E+01   0.12730881E+01
  -0.26100000E+01   0.12727732E+01
  -0.26000000E+01   0.12724580E+01
  -0.25900000E+01   0.12721427E+01
  -0.25800000E+01   0.12718272E+01
  -0.25700000E+01   0.12715114E+01
  -0.25600000E+01   0.12711955E+01
  -0.25500000E+01   0.12708794E+01
  -0.25400000E+01   0.12705630E+01
  -0.25300000E+01   0.12702465E+01
  -0.25200000E+01   0.12699297E+01
  -0.25100000E+01   0.12696128E+01
  -0.25000000E+01   0.12692957E+01
  -0.24900000E+01   0.12689783E+01
  -0.24800000E+01   0.12686608E+01
  -0.24700000E+01   0.12683430E+01
  -0.24600000E+01   0.12680250E+01
  -0.24500000E+01   0.12677069E+01
  -0.24400000E+01   0.12673885E+01
  -0.24300000E+01   0.12670699E+01
  -0.24200000E+01   0.12667512E+01
  -0.24100000E+01   0.12664322E+01
  -0.24000000E+01   0.12661130E+01
  -0.23900000E+01   0.12657936E+01
  -0.23800000E+01   0.12654740E+01
  -0.23700000E+01   0.12651542E+01
  -0.23600000E+01   0.12648342E+01
  -0.23500000E+01   0.12645140E+01
  -0.23400000E+01   0.12641936E+01
  -0.23300000E+01   0.12638730E+01
  -0.23200000E+01   0.12635521E+01
  -0.23100000E+01   0.12632311E+01
  -0.23000000E+01   0.12629099E+01
  -0.22900000E+01   0.12625884E+01
  -0.22800000E+01   0.12622668E+01
  -0.22700000E+01   0.12619449E+01
  -0.22600000E+01   0.12616228E+01
  -0.22500000E+01   0.12613005E+01
  -0.22400000E+01   0.12609780E+01
  -0.22300000E+01   0.12606553E+01
  -0.22200000E+01   0.12603324E+01
  -0.22100000E+01   0.12600093E+01
  -0.22000000E+01   0.12596860E+01
  -0.21900000E+01   0.12593625E+01
  -0.21800000E+01   0.12590387E+01
  -0.21700000E+01   0.12587148E+01
  -0.21600000E+01   0.12583906E+01
  -0.21500000E+01   0.12580662E+01
  -0.21400000E+01   0.12577416E+01
  -0.21300000E+01   0.12574168E+01
  -0.21200000E+01   0.12570918E+01
  -0.21100000E+01   0.12567666E+01
  -0.21000000E+01   0.12564412E+01
  -0.20900000E+01   0.12561155E+01
  -0.20800000E+01   0.12557897E+01
  -0.20700000E+01   0.12554636E+01
  -0.20600000E+01   0.12551373E+01
  -0.20500000E+01   0.12548108E+01
  -0.20400000E+01   0.12544841E+01
  -0.20300000E+01   0.12541572E+01
  -0.20200000E+01   0.12538301E+01
  -0.20100000E+01   0.12535027E+01
  -0.20000000E+01   0.12531752E+01
  -0.19900000E+01   0.12528474E+01
  -0.19800000E+01   0.12525194E+01
  -0.19700000E+01   0.12521912E+01
  -0.19600000E+01   0.12518628E+01
  -0.19500000E+01   0.12515341E+01
  -0.19400000E+01   0.12512053E+01
  -0.19300000E+01   0.12508762E+01
  -0.19200000E+01   0.12505469E+01
  -0.19100000E+01   0.12502174E+01
  -0.19000000E+01   0.12498877E+01
  -0.18900000E+01   0.12495578E+01
  -0.18800000E+01   0.12492276E+01
  -0.18700000E+01   0.12488973E+01
  -0.18600000E+01   0.12485667E+01
  -0.18500000E+01   0.12482359E+01
  -0.18400000E+01   0.12479049E+01
  -0.18300000E+01   0.12475736E+01
  -0.18200000E+01   0.12472422E+01
  -0.18100000E+01   0.12469105E+01
  -0.18000000E+01   0.12465786E+01
  -0.17900000E+01   0.12462465E+01
  -0.17800000E+01   0.12459142E+01
  -0.17700000E+01   0.12455816E+01
  -0.17600000E+01   0.12452488E+01
  -0.17500000E+01   0.12449158E+01
  -0.17400000E+01   0.12445826E+01
  -0.17300000E+01   0.12442492E+01
  -0.17200000E+01   0.12439155E+01
  -0.17100000E+01   0.12435817E+01
  -0.17000000E+01   0.12432476E+01
  -0.16900000E+01   0.12429133E+01
  -0.16800000E+01   0.12425787E+01
  -0.16700000E+01   0.12422439E+01
  -0.16600000E+01   0.12419090E+01
  -0.16500000E+01   0.12415738E+01
  -0.16400000E+01   0.12412383E+01
  -0.16300000E+01   0.12409027E+01
  -0.16200000E+01   0.12405668E+01
  -0.16100000E+01   0.12402307E+01
  -0.16000000E+01   0.12398943E+01
  -0.15900000E+01   0.12395578E+01
  -0.15800000E+01   0.12392210E+01
  -0.15700000E+01   0.12388840E+01
  -0.15600000E+01   0.12385468E+01
  -0.15500000E+01   0.12382093E+01
  -0.15400000E+01   0.12378717E+01
  -0.15300000E+01   0.12375338E+01
  -0.15200000E+01   0.12371956E+01
  -0.15100000E+01   0.12368573E+01
  -0.15000000E+01   0.12365187E+01
  -0.14900000E+01   0.12361799E+01
  -0.14800000E+01   0.12358408E+01
  -0.14700000E+01   0.12355016E+01
  -0.14600000E+01   0.12351621E+01
  -0.14500000E+01   0.12348224E+01
  -0.14400000E+01   0.12344824E+01
  -0.14300000E+01   0.12341422E+01
  -0.14200000E+01   0.12338018E+01
  -0.14100000E+01   0.12334612E+01
  -0.14000000E+01   0.12331203E+01
  -0.13900000E+01   0.12327792E+01
  -0.13800000E+01   0.12324379E+01
  -0.13700000E+01   0.12320964E+01
  -0.13600000E+01   0.12317546E+01
  -0.13500000E+01   0.12314126E+01
  -0.13400000E+01   0.12310703E+01
  -0.13300000E+01   0.12307278E+01
  -0.13200000E+01   0.12303851E+01
  -0.13100000E+01   0.12300422E+01
  -0.13000000E+01   0.12296990E+01
  -0.12900000E+01   0.12293556E+01
  -0.12800000E+01   0.12290120E+01
  -0.12700000E+01   0.12286681E+01
  -0.12600000E+01   0.12283240E+01
  -0.12500000E+01   0.12279797E+01
  -0.12400000E+01   0.12276351E+01
  -0.12300000E+01   0.12272903E+01
  -0.12200000E+01   0.12269452E+01
  -0.12100000E+01   0.12266000E+01
  -0.12000000E+01   0.12262545E+01
  -0.11900000E+01   0.12259087E+01
  -0.11800000E+01   0.12255627E+01
  -0.11700000E+01   0.12252165E+01
  -0.11600000E+01   0.12248701E+01
  -0.11500000E+01   0.12245234E+01
  -0.11400000E+01   0.12241765E+01
  -0.11300000E+01   0.12238293E+01
  -0.11200000E+01   0.12234819E+01
  -0.11100000E+01   0.12231343E+01
  -0.11000000E+01   0.12227864E+01
  -0.10900000E+01   0.12224383E+01
  -0.10800000E+01   0.12220899E+01
  -0.10700000E+01   0.12217413E+01
  -0.10600000E+01   0.12213925E+01
  -0.10500000E+01   0.12210434E+01
  -0.10400000E+01   0.12206941E+01
  -0.10300000E+01   0.12203446E+01
  -0.10200000E+01   0.12199948E+01
  -0.10100000E+01   0.12196448E+01
  -0.10000000E+01   0.12192945E+01
  -0.99000000E+00   0.12189440E+01
  -0.98000000E+00   0.12185933E+01
  -0.97000000E+00   0.12182423E+01
  -0.96000000E+00   0.12178910E+01
  -0.95000000E+00   0.12175396E+01
  -0.94000000E+00   0.12171879E+01
  -0.93000000E+00   0.12168359E+01
  -0.92000000E+00   0.12164837E+01
  -0.91000000E+00   0.12161313E+01
  -0.90000000E+00   0.12157786E+01
  -0.89000000E+00   0.12154256E+01
  -0.88000000E+00   0.12150725E+01
  -0.87000000E+00   0.12147191E+01
  -0.86000000E+00   0.12143654E+01
  -0.85000000E+00   0.12140115E+01
  -0.84000000E+00   0.12136573E+01
  -0.83000000E+00   0.12133029E+01
  -0.82000000E+00   0.12129483E+01
  -0.81000000E+00   0.12125934E+01
  -0.80000000E+00   0.12122383E+01
  -0.79000000E+00   0.12118829E+01
  -0.78000000E+00   0.12115273E+01
  -0.77000000E+00   0.12111714E+01
  -0.76000000E+00   0.12108153E+01
  -0.75000000E+00   0.12104589E+01
  -0.74000000E+00   0.12101023E+01
  -0.73000000E+00   0.12097454E+01
  -0.72000000E+00   0.12093883E+01
  -0.71000000E+00   0.12090309E+01
  -0.70000000E+00   0.12086733E+01
  -0.69000000E+00   0.12083154E+01
  -0.68000000E+00   0.12079573E+01
  -0.67000000E+00   0.12075989E+01
  -0.66000000E+00   0.12072403E+01
  -0.65000000E+00   0.12068815E+01
  -0.64000000E+00   0.12065223E+01
  -0.63000000E+00   0.12061630E+01
  -0.62000000E+00   0.12058033E+01
  -0.61000000E+00   0.12054435E+01
  -0.60000000E+00   0.12050833E+01
  -0.59000000E+00   0.12047230E+01
  -0.58000000E+00   0.12043623E+01
  -0.57000000E+00   0.12040014E+01
  -0.56000000E+00   0.12036403E+01
  -0.55000000E+00   0.12032789E+01
  -0.54000000E+00   0.12029173E+01
  -0.53000000E+00   0.12025554E+01
  -0.52000000E+00   0.12021932E+01
  -0.51000000E+00   0.12018308E+01
  -0.50000000E+00   0.12014681E+01
  -0.49000000E+00   0.12011052E+01
  -0.48000000E+00   0.12007420E+01
  -0.47000000E+00   0.12003786E+01
  -0.46000000E+00   0.12000149E+01
  -0.45000000E+00   0.11996509E+01
  -0.44000000E+00   0.11992867E+01
  -0.43000000E+00   0.11989223E+01
  -0.42000000E+00   0.11985575E+01
  -0.41000000E+00   0.11981926E+01
  -0.40000000E+00   0.11978273E+01
  -0.39000000E+00   0.11974618E+01
  -0.38000000E+00   0.11970961E+01
  -0.37000000E+00   0.11967301E+01
  -0.36000000E+00   0.11963638E+01
  -0.35000000E+00   0.11959972E+01
  -0.34000000E+00   0.11956304E+01
  -0.33000000E+00   0.11952634E+01
  -0.32000000E+00   0.11948961E+01
  -0.31000000E+00   0.11945285E+01
  -0.30000000E+00   0.11941606E+01
  -0.29000000E+00   0.11937925E+01
  -0.28000000E+00   0.11934241E+01
  -0.27000000E+00   0.11930555E+01
  -0.26000000E+00   0.11926866E+01
  -0.25000000E+00   0.11923175E+01
  -0.24000000E+00   0.11919480E+01
  -0.23000000E+00   0.11915783E+01
  -0.22000000E+00   0.11912084E+01
  -0.21000000E+00   0.11908382E+01
  -0.20000000E+00   0.11904677E+01
  -0.19000000E+00   0.11900969E+01
  -0.18000000E+00   0.11897259E+01
  -0.17000000E+00   0.11893547E+01
  -0.16000000E+00   0.11889831E+01
  -0.15000000E+00   0.11886113E+01
  -0.14000000E+00   0.11882392E+01
  -0.13000000E+00   0.11878669E+01
  -0.12000000E+00   0.11874942E+01
  -0.11000000E+00   0.11871214E+01
  -0.10000000E+00   0.11867482E+01
  -0.90000000E-01   0.11863748E+01
  -0.80000000E-01   0.11860011E+01
  -0.70000000E-01   0.11856271E+01
  -0.60000000E-01   0.11852529E+01
  -0.50000000E-01   0.11848784E+01
  -0.40000000E-01   0.11845036E+01
  -0.30000000E-01   0.11841286E+01
  -0.20000000E-01   0.11837533E+01
  -0.10000000E-01   0.11833777E+01
   0.00000000E+00   0.11830018E+01
   0.10000000E-01   0.11826257E+01
   0.20000000E-01   0.11822493E+01
   0.30000000E-01   0.11818726E+01
   0.40000000E-01   0.11814957E+01
   0.50000000E-01   0.11811184E+01
   0.60000000E-01   0.11807410E+01
   0.70000000E-01   0.11803632E+01
   0.80000000E-01   0.11799851E+01
   0.90000000E-01   0.11796068E+01
   0.10000000E+00   0.11792282E+01
   0.11000000E+00   0.11788493E+01
   0.12000000E+00   0.11784702E+01
   0.13000000E+00   0.11780908E+01
   0.14000000E+00   0.11777111E+01
   0.15000000E+00   0.11773311E+01
   0.16000000E+00   0.11769508E+01
   0.17000000E+00   0.11765703E+01
   0.18000000E+00   0.11761895E+01
   0.19000000E+00   0.11758084E+01
   0.20000000E+00   0.11754270E+01
   0.21000000E+00   0.11750454E+01
   0.22000000E+00   0.11746634E+01
   0.23000000E+00   0.11742812E+01
   0.24000000E+00   0.11738987E+01
   0.25000000E+00   0.11735160E+01
   0.26000000E+00   0.11731329E+01
   0.27000000E+00   0.11727496E+01
   0.28000000E+00   0.11723660E+01
   0.29000000E+00   0.11719821E+01
   0.30000000E+00   0.11715979E+01
   0.31000000E+00   0.11712134E+01
   0.32000000E+00   0.11708287E+01
   0.33000000E+00   0.11704437E+01
   0.34000000E+00   0.11700583E+01
   0.35000000E+00   0.11696727E+01
   0.36000000E+00   0.11692869E+01
   0.37000000E+00   0.11689007E+01
   0.38000000E+00   0.11685142E+01
   0.39000000E+00   0.11681275E+01
   0.40000000E+00   0.11677405E+01
   0.41000000E+00   0.11673532E+01
   0.42000000E+00   0.11669656E+01
   0.43000000E+00   0.11665777E+01
   0.44000000E+00   0.11661895E+01
   0.45000000E+00   0.11658010E+01
   0.46000000E+00   0.11654123E+01
   0.47000000E+00   0.11650232E+01
   0.48000000E+00   0.11646339E+01
   0.49000000E+00   0.11642443E+01
   0.50000000E+00   0.11638544E+01
   0.51000000E+00   0.11634642E+01
   0.52000000E+00   0.11630737E+01
   0.53000000E+00   0.11626829E+01
   0.54000000E+00   0.11622918E+01
   0.55000000E+00   0.11619005E+01
   0.56000000E+00   0.11615088E+01
   0.57000000E+00   0.11611169E+01
   0.58000000E+00   0.11607246E+01
   0.59000000E+00   0.11603321E+01
   0.60000000E+00   0.11599392E+01
   0.61000000E+00   0.11595461E+01
   0.62000000E+00   0.11591527E+01
   0.63000000E+00   0.11587590E+01
   0.64000000E+00   0.11583650E+01
   0.65000000E+00   0.11579707E+01
   0.66000000E+00   0.11575761E+01
   0.67000000E+00   0.11571812E+01
   0.68000000E+00   0.11567860E+01
   0.69000000E+00   0.11563905E+01
   0.70000000E+00   0.11559947E+01
   0.71000000E+00   0.11555986E+01
   0.72000000E+00   0.11552022E+01
   0.73000000E+00   0.11548055E+01
   0.74000000E+00   0.11544085E+01
   0.75000000E+00   0.11540112E+01
   0.76000000E+00   0.11536137E+01
   0.77000000E+00   0.11532158E+01
   0.78000000E+00   0.11528176E+01
   0.79000000E+00   0.11524191E+01
   0.80000000E+00   0.11520203E+01
   0.81000000E+00   0.11516212E+01
   0.82000000E+00   0.11512218E+01
   0.83000000E+00   0.11508221E+01
   0.84000000E+00   0.11504221E+01
   0.85000000E+00   0.11500218E+01
   0.86000000E+00   0.11496212E+01
   0.87000000E+00   0.11492203E+01
   0.88000000E+00   0.11488191E+01
   0.89000000E+00   0.11484176E+01
   0.90000000E+00   0.11480157E+01
   0.91000000E+00   0.11476136E+01
   0.92000000E+00   0.11472111E+01
   0.93000000E+00   0.11468084E+01
   0.94000000E+00   0.11464053E+01
   0.95000000E+00   0.11460020E+01
   0.96000000E+00   0.11455983E+01
   0.97000000E+00   0.11451943E+01
   0.98000000E+00   0.11447900E+01
   0.99000000E+00   0.11443854E+01
   0.10000000E+01   0.11439805E+01
   0.10100000E+01   0.11435753E+01
   0.10200000E+01   0.11431698E+01
   0.10300000E+01   0.11427639E+01
   0.10400000E+01   0.11423578E+01
   0.10500000E+01   0.11419513E+01
   0.10600000E+01   0.11415445E+01
   0.10700000E+01   0.11411374E+01
   0.10800000E+01   0.11407300E+01
   0.10900000E+01   0.11403223E+01
   0.11000000E+01   0.11399143E+01
   0.11100000E+01   0.11395059E+01
   0.11200000E+01   0.11390973E+01
   0.11300000E+01   0.11386883E+01
   0.11400000E+01   0.11382790E+01
   0.11500000E+01   0.11378694E+01
   0.11600000E+01   0.11374595E+01
   0.11700000E+01   0.11370492E+01
   0.11800000E+01   0.11366387E+01
   0.11900000E+01   0.11362278E+01
   0.12000000E+01   0.11358166E+01
   0.12100000E+01   0.11354051E+01
   0.12200000E+01   0.11349933E+01
   0.12300000E+01   0.11345811E+01
   0.12400000E+01   0.11341686E+01
   0.12500000E+01   0.11337558E+01
   0.12600000E+01   0.11333427E+01
   0.12700000E+01   0.11329293E+01
   0.12800000E+01   0.11325155E+01
   0.12900000E+01   0.11321014E+01
   0.13000000E+01   0.11316870E+01
   0.13100000E+01   0.11312723E+01
   0.13200000E+01   0.11308573E+01
   0.13300000E+01   0.11304419E+01
   0.13400000E+01   0.11300262E+01
   0.13500000E+01   0.11296102E+01
   0.13600000E+01   0.11291938E+01
   0.13700000E+01   0.11287771E+01
   0.13800000E+01   0.11283601E+01
   0.13900000E+01   0.11279428E+01
   0.14000000E+01   0.11275252E+01
   0.14100000E+01   0.11271072E+01
   0.14200000E+01   0.11266889E+01
   0.14300000E+01   0.11262702E+01
   0.14400000E+01   0.11258513E+01
   0.14500000E+01   0.11254320E+01
   0.14600000E+01   0.11250123E+01
   0.14700000E+01   0.11245924E+01
   0.14800000E+01   0.11241721E+01
   0.14900000E+01   0.11237515E+01
   0.15000000E+01   0.11233305E+01
   0.15100000E+01   0.11229092E+01
   0.15200000E+01   0.11224876E+01
   0.15300000E+01   0.11220657E+01
   0.15400000E+01   0.11216434E+01
   0.15500000E+01   0.11212208E+01
   0.15600000E+01   0.11207978E+01
   0.15700000E+01   0.11203745E+01
   0.15800000E+01   0.11199509E+01
   0.15900000E+01   0.11195269E+01
   0.16000000E+01   0.11191026E+01
   0.16100000E+01   0.11186780E+01
   0.16200000E+01   0.11182530E+01
   0.16300000E+01   0.11178277E+01
   0.16400000E+01   0.11174021E+01
   0.16500000E+01   0.11169761E+01
   0.16600000E+01   0.11165498E+01
   0.16700000E+01   0.11161231E+01
   0.16800000E+01   0.11156961E+01
   0.16900000E+01   0.11152688E+01
   0.17000000E+01   0.11148411E+01
   0.17100000E+01   0.11144131E+01
   0.17200000E+01   0.11139847E+01
   0.17300000E+01   0.11135560E+01
   0.17400000E+01   0.11131269E+01
   0.17500000E+01   0.11126975E+01
   0.17600000E+01   0.11122678E+01
   0.17700000E+01   0.11118377E+01
   0.17800000E+01   0.11114073E+01
   0.17900000E+01   0.11109765E+01
   0.18000000E+01   0.11105454E+01
   0.18100000E+01   0.11101139E+01
   0.18200000E+01   0.11096821E+01
   0.18300000E+01   0.11092499E+01
   0.18400000E+01   0.11088174E+01
   0.18500000E+01   0.11083845E+01
   0.18600000E+01   0.11079513E+01
   0.18700000E+01   0.11075178E+01
   0.18800000E+01   0.11070839E+01
   0.18900000E+01   0.11066496E+01
   0.19000000E+01   0.11062150E+01
   0.19100000E+01   0.11057800E+01
   0.19200000E+01   0.11053447E+01
   0.19300000E+01   0.11049091E+01
   0.19400000E+01   0.11044730E+01
   0.19500000E+01   0.11040367E+01
   0.19600000E+01   0.11035999E+01
   0.19700000E+01   0.11031629E+01
   0.19800000E+01   0.11027254E+01
   0.19900000E+01   0.11022876E+01
   0.20000000E+01   0.11018495E+01
   0.20100000E+01   0.11014110E+01
   0.20200000E+01   0.11009721E+01
   0.20300000E+01   0.11005329E+01
   0.20400000E+01   0.11000933E+01
   0.20500000E+01   0.10996534E+01
   0.20600000E+01   0.10992131E+01
   0.20700000E+01   0.10987724E+01
   0.20800000E+01   0.10983314E+01
   0.20900000E+01   0.10978901E+01
   0.21000000E+01   0.10974483E+01
   0.21100000E+01   0.10970062E+01
   0.21200000E+01   0.10965638E+01
   0.21300000E+01   0.10961209E+01
   0.21400000E+01   0.10956778E+01
   0.21500000E+01   0.10952342E+01
   0.21600000E+01   0.10947903E+01
   0.21700000E+01   0.10943460E+01
   0.21800000E+01   0.10939014E+01
   0.21900000E+01   0.10934564E+01
   0.22000000E+01   0.10930110E+01
   0.22100000E+01   0.10925653E+01
   0.22200000E+01   0.10921192E+01
   0.22300000E+01   0.10916727E+01
   0.22400000E+01   0.10912258E+01
   0.22500000E+01   0.10907786E+01
   0.22600000E+01   0.10903310E+01
   0.22700000E+01   0.10898831E+01
   0.22800000E+01   0.10894348E+01
   0.22900000E+01   0.10889861E+01
   0.23000000E+01   0.10885370E+01
   0.23100000E+01   0.10880876E+01
   0.23200000E+01   0.10876377E+01
   0.23300000E+01   0.10871876E+01
   0.23400000E+01   0.10867370E+01
   0.23500000E+01   0.10862861E+01
   0.23600000E+01   0.10858348E+01
   0.23700000E+01   0.10853831E+01
   0.23800000E+01   0.10849310E+01
   0.23900000E+01   0.10844786E+01
   0.24000000E+01   0.10840258E+01
   0.24100000E+01   0.10835726E+01
   0.24200000E+01   0.10831190E+01
   0.24300000E+01   0.10826651E+01
   0.24400000E+01   0.10822107E+01
   0.24500000E+01   0.10817560E+01
   0.24600000E+01   0.10813009E+01
   0.24700000E+01   0.10808455E+01
   0.24800000E+01   0.10803896E+01
   0.24900000E+01   0.10799334E+01
   0.25000000E+01   0.10794768E+01
   0.25100000E+01   0.10790198E+01
   0.25200000E+01   0.10785624E+01
   0.25300000E+01   0.10781046E+01
   0.25400000E+01   0.10776465E+01
   0.25500000E+01   0.10771879E+01
   0.25600000E+01   0.10767290E+01
   0.25700000E+01   0.10762697E+01
   0.25800000E+01   0.10758100E+01
   0.25900000E+01   0.10753499E+01
   0.26000000E+01   0.10748894E+01
   0.26100000E+01   0.10744285E+01
   0.26200000E+01   0.10739673E+01
   0.26300000E+01   0.10735056E+01
   0.26400000E+01   0.10730436E+01
   0.26500000E+01   0.10725812E+01
   0.26600000E+01   0.10721184E+01
   0.26700000E+01   0.10716552E+01
   0.26800000E+01   0.10711916E+01
   0.26900000E+01   0.10707276E+01
   0.27000000E+01   0.10702632E+01
   0.27100000E+01   0.10697984E+01
   0.27200000E+01   0.10693332E+01
   0.27300000E+01   0.10688676E+01
   0.27400000E+01   0.10684016E+01
   0.27500000E+01   0.10679353E+01
   0.27600000E+01   0.10674685E+01
   0.27700000E+01   0.10670013E+01
   0.27800000E+01   0.10665338E+01
   0.27900000E+01   0.10660658E+01
   0.28000000E+01   0.10655974E+01
   0.28100000E+01   0.10651287E+01
   0.28200000E+01   0.10646595E+01
   0.28300000E+01   0.10641899E+01
   0.28400000E+01   0.10637199E+01
   0.28500000E+01   0.10632496E+01
   0.28600000E+01   0.10627788E+01
   0.28700000E+01   0.10623076E+01
   0.28800000E+01   0.10618360E+01
   0.28900000E+01   0.10613640E+01
   0.29000000E+01   0.10608916E+01
   0.29100000E+01   0.10604188E+01
   0.29200000E+01   0.10599456E+01
   0.29300000E+01   0.10594719E+01
   0.29400000E+01   0.10589979E+01
   0.29500000E+01   0.10585235E+01
   0.29600000E+01   0.10580486E+01
   0.29700000E+01   0.10575733E+01
   0.29800000E+01   0.10570977E+01
   0.29900000E+01   0.10566216E+01
   0.30000000E+01   0.10561451E+01
   0.30100000E+01   0.10556681E+01
   0.30200000E+01   0.10551908E+01
   0.30300000E+01   0.10547131E+01
   0.30400000E+01   0.10542349E+01
   0.30500000E+01   0.10537563E+01
   0.30600000E+01   0.10532773E+01
   0.30700000E+01   0.10527979E+01
   0.30800000E+01   0.10523181E+01
   0.30900000E+01   0.10518379E+01
   0.31000000E+01   0.10513572E+01
   0.31100000E+01   0.10508761E+01
   0.31200000E+01   0.10503946E+01
   0.31300000E+01   0.10499127E+01
   0.31400000E+01   0.10494304E+01
   0.31500000E+01   0.10489476E+01
   0.31600000E+01   0.10484644E+01
   0.31700000E+01   0.10479808E+01
   0.31800000E+01   0.10474967E+01
   0.31900000E+01   0.10470123E+01
   0.32000000E+01   0.10465274E+01
   0.32100000E+01   0.10460421E+01
   0.32200000E+01   0.10455563E+01
   0.32300000E+01   0.10450702E+01
   0.32400000E+01   0.10445836E+01
   0.32500000E+01   0.10440965E+01
   0.32600000E+01   0.10436091E+01
   0.32700000E+01   0.10431212E+01
   0.32800000E+01   0.10426329E+01
   0.32900000E+01   0.10421441E+01
   0.33000000E+01   0.10416550E+01
   0.33100000E+01   0.10411654E+01
   0.33200000E+01   0.10406753E+01
   0.33300000E+01   0.10401848E+01
   0.33400000E+01   0.10396939E+01
   0.33500000E+01   0.10392026E+01
   0.33600000E+01   0.10387108E+01
   0.33700000E+01   0.10382186E+01
   0.33800000E+01   0.10377259E+01
   0.33900000E+01   0.10372328E+01
   0.34000000E+01   0.10367393E+01
   0.34100000E+01   0.10362453E+01
   0.34200000E+01   0.10357509E+01
   0.34300000E+01   0.10352560E+01
   0.34400000E+01   0.10347607E+01
   0.34500000E+01   0.10342650E+01
   0.34600000E+01   0.10337688E+01
   0.34700000E+01   0.10332721E+01
   0.34800000E+01   0.10327751E+01
   0.34900000E+01   0.10322776E+01
   0.35000000E+01   0.10317796E+01
   0.35100000E+01   0.10312812E+01
   0.35200000E+01   0.10307823E+01
   0.35300000E+01   0.10302830E+01
   0.35400000E+01   0.10297833E+01
   0.35500000E+01   0.10292831E+01
   0.35600000E+01   0.10287824E+01
   0.35700000E+01   0.10282813E+01
   0.35800000E+01   0.10277797E+01
   0.35900000E+01   0.10272777E+01
   0.36000000E+01   0.10267753E+01
   0.36100000E+01   0.10262723E+01
   0.36200000E+01   0.10257690E+01
   0.36300000E+01   0.10252652E+01
   0.36400000E+01   0.10247609E+01
   0.36500000E+01   0.10242561E+01
   0.36600000E+01   0.10237509E+01
   0.36700000E+01   0.10232453E+01
   0.36800000E+01   0.10227392E+01
   0.36900000E+01   0.10222326E+01
   0.37000000E+01   0.10217256E+01
   0.37100000E+01   0.10212181E+01
   0.37200000E+01   0.10207101E+01
   0.37300000E+01   0.10202017E+01
   0.37400000E+01   0.10196928E+01
   0.37500000E+01   0.10191835E+01
   0.37600000E+01   0.10186737E+01
   0.37700000E+01   0.10181634E+01
   0.37800000E+01   0.10176527E+01
   0.37900000E+01   0.10171415E+01
   0.38000000E+01   0.10166298E+01
   0.38100000E+01   0.10161176E+01
   0.38200000E+01   0.10156050E+01
   0.38300000E+01   0.10150919E+01
   0.38400000E+01   0.10145784E+01
   0.38500000E+01   0.10140644E+01
   0.38600000E+01   0.10135499E+01
   0.38700000E+01   0.10130349E+01
   0.38800000E+01   0.10125195E+01
   0.38900000E+01   0.10120035E+01
   0.39000000E+01   0.10114871E+01
   0.39100000E+01   0.10109703E+01
   0.39200000E+01   0.10104529E+01
   0.39300000E+01   0.10099351E+01
   0.39400000E+01   0.10094168E+01
   0.39500000E+01   0.10088980E+01
   0.39600000E+01   0.10083788E+01
   0.39700000E+01   0.10078590E+01
   0.39800000E+01   0.10073388E+01
   0.39900000E+01   0.10068181E+01
   0.40000000E+01   0.10062969E+01
   0.40100000E+01   0.10057752E+01
   0.40200000E+01   0.10052531E+01
   0.40300000E+01   0.10047304E+01
   0.40400000E+01   0.10042073E+01
   0.40500000E+01   0.10036837E+01
   0.40600000E+01   0.10031596E+01
   0.40700000E+01   0.10026350E+01
   0.40800000E+01   0.10021099E+01
   0.40900000E+01   0.10015843E+01
   0.41000000E+01   0.10010583E+01
   0.41100000E+01   0.10005317E+01
   0.41200000E+01   0.10000047E+01
   0.41300000E+01   0.99947714E+00
   0.41400000E+01   0.99894910E+00
   0.41500000E+01   0.99842057E+00
   0.41600000E+01   0.99789155E+00
   0.41700000E+01   0.99736202E+00
   0.41800000E+01   0.99683200E+00
   0.41900000E+01   0.99630148E+00
   0.42000000E+01   0.99577047E+00
   0.42100000E+01   0.99523895E+00
   0.42200000E+01   0.99470693E+00
   0.42300000E+01   0.99417441E+00
   0.42400000E+01   0.99364139E+00
   0.42500000E+01   0.99310786E+00
   0.42600000E+01   0.99257383E+00
   0.42700000E+01   0.99203930E+00
   0.42800000E+01   0.99150426E+00
   0.42900000E+01   0.99096871E+00
   0.43000000E+01   0.99043266E+00
   0.43100000E+01   0.98989609E+00
   0.43200000E+01   0.98935902E+00
   0.43300000E+01   0.98882144E+00
   0.43400000E+01   0.98828334E+00
   0.43500000E+01   0.98774474E+00
   0.43600000E+01   0.98720562E+00
   0.43700000E+01   0.98666599E+00
   0.43800000E+01   0.98612585E+00
   0.43900000E+01   0.98558518E+00
   0.44000000E+01   0.98504401E+00
   0.44100000E+01   0.98450231E+00
   0.44200000E+01   0.98396010E+00
   0.44300000E+01   0.98341737E+00
   0.44400000E+01   0.98287412E+00
   0.44500000E+01   0.98233035E+00
   0.44600000E+01   0.98178606E+00
   0.44700000E+01   0.98124125E+00
   0.44800000E+01   0.98069591E+00
   0.44900000E+01   0.98015005E+00
   0.45000000E+01   0.97960367E+00
   0.45100000E+01   0.97905676E+00
   0.45200000E+01   0.97850932E+00
   0.45300000E+01   0.97796135E+00
   0.45400000E+01   0.97741286E+00
   0.45500000E+01   0.97686384E+00
   0.45600000E+01   0.97631429E+00
   0.45700000E+01   0.97576420E+00
   0.45800000E+01   0.97521359E+00
   0.45900000E+01   0.97466244E+00
   0.46000000E+01   0.97411076E+00
   0.46100000E+01   0.97355854E+00
   0.46200000E+01   0.97300579E+00
   0.46300000E+01   0.97245250E+00
   0.46400000E+01   0.97189867E+00
   0.46500000E+01   0.97134431E+00
   0.46600000E+01   0.97078941E+00
   0.46700000E+01   0.97023396E+00
   0.46800000E+01   0.96967798E+00
   0.46900000E+01   0.96912145E+00
   0.47000000E+01   0.96856438E+00
   0.47100000E+01   0.96800677E+00
   0.47200000E+01   0.96744861E+00
   0.47300000E+01   0.96688991E+00
   0.47400000E+01   0.96633065E+00
   0.47500000E+01   0.96577086E+00
   0.47600000E+01   0.96521051E+00
   0.47700000E+01   0.96464961E+00
   0.47800000E+01   0.96408817E+00
   0.47900000E+01   0.96352617E+00
   0.48000000E+01   0.96296362E+00
   0.48100000E+01   0.96240052E+00
   0.48200000E+01   0.96183686E+00
   0.48300000E+01   0.96127265E+00
   0.48400000E+01   0.96070788E+00
   0.48500000E+01   0.96014255E+00
   0.48600000E+01   0.95957667E+00
   0.48700000E+01   0.95901023E+00
   0.48800000E+01   0.95844322E+00
   0.48900000E+01   0.95787566E+00
   0.49000000E+01   0.95730753E+00
   0.49100000E+01   0.95673885E+00
   0.49200000E+01   0.95616959E+00
   0.49300000E+01   0.95559978E+00
   0.49400000E+01   0.95502939E+00
   0.49500000E+01   0.95445844E+00
   0.49600000E+01   0.95388693E+00
   0.49700000E+01   0.95331484E+00
   0.49800000E+01   0.95274218E+00
   0.49900000E+01   0.95216896E+00
   0.50000000E+01   0.95159516E+00
   0.50100000E+01   0.95102079E+00
   0.50200000E+01   0.95044584E+00
   0.50300000E+01   0.94987032E+00
   0.50400000E+01   0.94929423E+00
   0.50500000E+01   0.94871756E+00
   0.50600000E+01   0.94814031E+00
   0.50700000E+01   0.94756248E+00
   0.50800000E+01   0.94698407E+00
   0.50900000E+01   0.94640508E+00
   0.51000000E+01   0.94582551E+00
   0.51100000E+01   0.94524535E+00
   0.51200000E+01   0.94466462E+00
   0.51300000E+01   0.94408329E+00
   0.51400000E+01   0.94350139E+00
   0.51500000E+01   0.94291889E+00
   0.51600000E+01   0.94233581E+00
   0.51700000E+01   0.94175213E+00
   0.51800000E+01   0.94116787E+00
   0.51900000E+01   0.94058302E+00
   0.52000000E+01   0.93999757E+00
   0.52100000E+01   0.93941153E+00
   0.52200000E+01   0.93882490E+00
   0.52300000E+01   0.93823767E+00
   0.52400000E+01   0.93764984E+00
   0.52500000E+01   0.93706142E+00
   0.52600000E+01   0.93647240E+00
   0.52700000E+01   0.93588278E+00
   0.52800000E+01   0.93529256E+00
   0.52900000E+01   0.93470174E+00
   0.53000000E+01   0.93411031E+00
   0.53100000E+01   0.93351828E+00
   0.53200000E+01   0.93292565E+00
   0.53300000E+01   0.93233241E+00
   0.53400000E+01   0.93173856E+00
   0.53500000E+01   0.93114410E+00
   0.53600000E+01   0.93054904E+00
   0.53700000E+01   0.92995336E+00
   0.53800000E+01   0.92935708E+00
   0.53900000E+01   0.92876018E+00
   0.54000000E+01   0.92816267E+00
   0.54100000E+01   0.92756454E+00
   0.54200000E+01   0.92696580E+00
   0.54300000E+01   0.92636644E+00
   0.54400000E+01   0.92576646E+00
   0.54500000E+01   0.92516586E+00
   0.54600000E+01   0.92456464E+00
   0.54700000E+01   0.92396280E+00
   0.54800000E+01   0.92336034E+00
   0.54900000E+01   0.92275726E+00
   0.55000000E+01   0.92215355E+00
   0.55100000E+01   0.92154921E+00
   0.55200000E+01   0.92094425E+00
   0.55300000E+01   0.92033866E+00
   0.55400000E+01   0.91973244E+00
   0.55500000E+01   0.91912559E+00
   0.55600000E+01   0.91851811E+00
   0.55700000E+01   0.91791000E+00
   0.55800000E+01   0.91730125E+00
   0.55900000E+01   0.91669187E+00
   0.56000000E+01   0.91608185E+00
   0.56100000E+01   0.91547119E+00
   0.56200000E+01   0.91485990E+00
   0.56300000E+01   0.91424796E+00
   0.56400000E+01   0.91363539E+00
   0.56500000E+01   0.91302217E+00
   0.56600000E+01   0.91240831E+00
   0.56700000E+01   0.91179380E+00
   0.56800000E+01   0.91117865E+00
   0.56900000E+01   0.91056286E+00
   0.57000000E+01   0.90994641E+00
   0.57100000E+01   0.90932932E+00
   0.57200000E+01   0.90871158E+00
   0.57300000E+01   0.90809318E+00
   0.57400000E+01   0.90747414E+00
   0.57500000E+01   0.90685444E+00
   0.57600000E+01   0.90623408E+00
   0.57700000E+01   0.90561307E+00
   0.57800000E+01   0.90499140E+00
   0.57900000E+01   0.90436907E+00
   0.58000000E+01   0.90374608E+00
   0.58100000E+01   0.90312243E+00
   0.58200000E+01   0.90249812E+00
   0.58300000E+01   0.90187315E+00
   0.58400000E+01   0.90124751E+00
   0.58500000E+01   0.90062120E+00
   0.58600000E+01   0.89999423E+00
   0.58700000E+01   0.89936659E+00
   0.58800000E+01   0.89873828E+00
   0.58900000E+01   0.89810930E+00
   0.59000000E+01   0.89747965E+00
   0.59100000E+01   0.89684932E+00
   0.59200000E+01   0.89621832E+00
   0.59300000E+01   0.89558665E+00
   0.59400000E+01   0.89495429E+00
   0.59500000E+01   0.89432126E+00
   0.59600000E+01   0.89368755E+00
   0.59700000E+01   0.89305316E+00
   0.59800000E+01   0.89241808E+00
   0.59900000E+01   0.89178232E+00
   0.60000000E+01   0.89114588E+00
   0.60100000E+01   0.89050875E+00
   0.60200000E+01   0.88987094E+00
   0.60300000E+01   0.88923243E+00
   0.60400000E+01   0.88859324E+00
   0.60500000E+01   0.88795336E+00
   0.60600000E+01   0.88731278E+00
   0.60700000E+01   0.88667151E+00
   0.60800000E+01   0.88602954E+00
   0.60900000E+01   0.88538688E+00
   0.61000000E+01   0.88474352E+00
   0.61100000E+01   0.88409946E+00
   0.61200000E+01   0.88345471E+00
   0.61300000E+01   0.88280925E+00
   0.61400000E+01   0.88216308E+00
   0.61500000E+01   0.88151622E+00
   0.61600000E+01   0.88086864E+00
   0.61700000E+01   0.88022036E+00
   0.61800000E+01   0.87957138E+00
   0.61900000E+01   0.87892168E+00
   0.62000000E+01   0.87827127E+00
   0.62100000E+01   0.87762015E+00
   0.62200000E+01   0.87696832E+00
   0.62300000E+01   0.87631577E+00
   0.62400000E+01   0.87566251E+00
   0.62500000E+01   0.87500853E+00
   0.62600000E+01   0.87435383E+00
   0.62700000E+01   0.87369840E+00
   0.62800000E+01   0.87304226E+00
   0.62900000E+01   0.87238540E+00
   0.63000000E+01   0.87172781E+00
   0.63100000E+01   0.87106949E+00
   0.63200000E+01   0.87041045E+00
   0.63300000E+01   0.86975068E+00
   0.63400000E+01   0.86909018E+00
   0.63500000E+01   0.86842894E+00
   0.63600000E+01   0.86776698E+00
   0.63700000E+01   0.86710428E+00
   0.63800000E+01   0.86644084E+00
   0.63900000E+01   0.86577667E+00
   0.64000000E+01   0.86511176E+00
   0.64100000E+01   0.86444611E+00
   0.64200000E+01   0.86377972E+00
   0.64300000E+01   0.86311259E+00
   0.64400000E+01   0.86244471E+00
   0.64500000E+01   0.86177609E+00
   0.64600000E+01   0.86110672E+00
   0.64700000E+01   0.86043660E+00
   0.64800000E+01   0.85976573E+00
   0.64900000E+01   0.85909411E+00
   0.65000000E+01   0.85842174E+00
   0.65100000E+01   0.85774862E+00
   0.65200000E+01   0.85707474E+00
   0.65300000E+01   0.85640010E+00
   0.65400000E+01   0.85572470E+00
   0.65500000E+01   0.85504855E+00
   0.65600000E+01   0.85437163E+00
   0.65700000E+01   0.85369395E+00
   0.65800000E+01   0.85301550E+00
   0.65900000E+01   0.85233629E+00
   0.66000000E+01   0.85165632E+00
   0.66100000E+01   0.85097557E+00
   0.66200000E+01   0.85029405E+00
   0.66300000E+01   0.84961177E+00
   0.66400000E+01   0.84892870E+00
   0.66500000E+01   0.84824487E+00
   0.66600000E+01   0.84756026E+00
   0.66700000E+01   0.84687487E+00
   0.66800000E+01   0.84618870E+00
   0.66900000E+01   0.84550175E+00
   0.67000000E+01   0.84481401E+00
   0.67100000E+01   0.84412550E+00
   0.67200000E+01   0.84343620E+00
   0.67300000E+01   0.84274611E+00
   0.67400000E+01   0.84205523E+00
   0.67500000E+01   0.84136356E+00
   0.67600000E+01   0.84067111E+00
   0.67700000E+01   0.83997785E+00
   0.67800000E+01   0.83928381E+00
   0.67900000E+01   0.83858897E+00
   0.68000000E+01   0.83789333E+00
   0.68100000E+01   0.83719689E+00
   0.68200000E+01   0.83649965E+00
   0.68300000E+01   0.83580160E+00
   0.68400000E+01   0.83510276E+00
   0.68500000E+01   0.83440311E+00
   0.68600000E+01   0.83370265E+00
   0.68700000E+01   0.83300138E+00
   0.68800000E+01   0.83229930E+00
   0.68900000E+01   0.83159641E+00
   0.69000000E+01   0.83089271E+00
   0.69100000E+01   0.83018819E+00
   0.69200000E+01   0.82948285E+00
   0.69300000E+01   0.82877670E+00
   0.69400000E+01   0.82806972E+00
   0.69500000E+01   0.82736193E+00
   0.69600000E+01   0.82665331E+00
   0.69700000E+01   0.82594386E+00
   0.69800000E+01   0.82523359E+00
   0.69900000E+01   0.82452250E+00
   0.70000000E+01   0.82381057E+00
   0.70100000E+01   0.82309781E+00
   0.70200000E+01   0.82238421E+00
   0.70300000E+01   0.82166979E+00
   0.70400000E+01   0.82095452E+00
   0.70500000E+01   0.82023842E+00
   0.70600000E+01   0.81952148E+00
   0.70700000E+01   0.81880369E+00
   0.70800000E+01   0.81808507E+00
   0.70900000E+01   0.81736560E+00
   0.71000000E+01   0.81664528E+00
   0.71100000E+01   0.81592411E+00
   0.71200000E+01   0.81520210E+00
   0.71300000E+01   0.81447923E+00
   0.71400000E+01   0.81375551E+00
   0.71500000E+01   0.81303093E+00
   0.71600000E+01   0.81230550E+00
   0.71700000E+01   0.81157921E+00
   0.71800000E+01   0.81085206E+00
   0.71900000E+01   0.81012405E+00
   0.72000000E+01   0.80939517E+00
   0.72100000E+01   0.80866543E+00
   0.72200000E+01   0.80793482E+00
   0.72300000E+01   0.80720334E+00
   0.72400000E+01   0.80647100E+00
   0.72500000E+01   0.80573778E+00
   0.72600000E+01   0.80500368E+00
   0.72700000E+01   0.80426871E+00
   0.72800000E+01   0.80353286E+00
   0.72900000E+01   0.80279614E+00
   0.73000000E+01   0.80205853E+00
   0.73100000E+01   0.80132004E+00
   0.73200000E+01   0.80058066E+00
   0.73300000E+01   0.79984040E+00
   0.73400000E+01   0.79909925E+00
   0.73500000E+01   0.79835721E+00
   0.73600000E+01   0.79761428E+00
   0.73700000E+01   0.79687045E+00
   0.73800000E+01   0.79612573E+00
   0.73900000E+01   0.79538011E+00
   0.74000000E+01   0.79463359E+00
   0.74100000E+01   0.79388617E+00
   0.74200000E+01   0.79313785E+00
   0.74300000E+01   0.79238862E+00
   0.74400000E+01   0.79163849E+00
   0.74500000E+01   0.79088745E+00
   0.74600000E+01   0.79013549E+00
   0.74700000E+01   0.78938263E+00
   0.74800000E+01   0.78862885E+00
   0.74900000E+01   0.78787416E+00
   0.75000000E+01   0.78711855E+00
   0.75100000E+01   0.78636202E+00
   0.75200000E+01   0.78560456E+00
   0.75300000E+01   0.78484619E+00
   0.75400000E+01   0.78408689E+00
   0.75500000E+01   0.78332666E+00
   0.75600000E+01   0.78256550E+00
   0.75700000E+01   0.78180342E+00
   0.75800000E+01   0.78104039E+00
   0.75900000E+01   0.78027644E+00
   0.76000000E+01   0.77951155E+00
   0.76100000E+01   0.77874572E+00
   0.76200000E+01   0.77797895E+00
   0.76300000E+01   0.77721123E+00
   0.76400000E+01   0.77644257E+00
   0.76500000E+01   0.77567297E+00
   0.76600000E+01   0.77490242E+00
   0.76700000E+01   0.77413091E+00
   0.76800000E+01   0.77335846E+00
   0.76900000E+01   0.77258505E+00
   0.77000000E+01   0.77181069E+00
   0.77100000E+01   0.77103536E+00
   0.77200000E+01   0.77025908E+00
   0.77300000E+01   0.76948183E+00
   0.77400000E+01   0.76870362E+00
   0.77500000E+01   0.76792445E+00
   0.77600000E+01   0.76714430E+00
   0.77700000E+01   0.76636319E+00
   0.77800000E+01   0.76558110E+00
   0.77900000E+01   0.76479804E+00
   0.78000000E+01   0.76401401E+00
   0.78100000E+01   0.76322899E+00
   0.78200000E+01   0.76244300E+00
   0.78300000E+01   0.76165602E+00
   0.78400000E+01   0.76086806E+00
   0.78500000E+01   0.76007911E+00
   0.78600000E+01   0.75928918E+00
   0.78700000E+01   0.75849825E+00
   0.78800000E+01   0.75770633E+00
   0.78900000E+01   0.75691342E+00
   0.79000000E+01   0.75611951E+00
   0.79100000E+01   0.75532460E+00
   0.79200000E+01   0.75452869E+00
   0.79300000E+01   0.75373178E+00
   0.79400000E+01   0.75293386E+00
   0.79500000E+01   0.75213493E+00
   0.79600000E+01   0.75133500E+00
   0.79700000E+01   0.75053406E+00
   0.79800000E+01   0.74973210E+00
   0.79900000E+01   0.74892912E+00
   0.80000000E+01   0.74812513E+00
   0.80100000E+01   0.74732012E+00
   0.80200000E+01   0.74651408E+00
   0.80300000E+01   0.74570702E+00
   0.80400000E+01   0.74489894E+00
   0.80500000E+01   0.74408983E+00
   0.80600000E+01   0.74327968E+00
   0.80700000E+01   0.74246850E+00
   0.80800000E+01   0.74165629E+00
   0.80900000E+01   0.74084304E+00
   0.81000000E+01   0.74002875E+00
   0.81100000E+01   0.73921342E+00
   0.81200000E+01   0.73839705E+00
   0.81300000E+01   0.73757963E+00
   0.81400000E+01   0.73676116E+00
   0.81500000E+01   0.73594164E+00
   0.81600000E+01   0.73512107E+00
   0.81700000E+01   0.73429945E+00
   0.81800000E+01   0.73347676E+00
   0.81900000E+01   0.73265302E+00
   0.82000000E+01   0.73182822E+00
   0.82100000E+01   0.73100235E+00
   0.82200000E+01   0.73017541E+00
   0.82300000E+01   0.72934741E+00
   0.82400000E+01   0.72851834E+00
   0.82500000E+01   0.72768819E+00
   0.82600000E+01   0.72685697E+00
   0.82700000E+01   0.72602467E+00
   0.82800000E+01   0.72519129E+00
   0.82900000E+01   0.72435683E+00
   0.83000000E+01   0.72352129E+00
   0.83100000E+01   0.72268465E+00
   0.83200000E+01   0.72184693E+00
   0.83300000E+01   0.72100812E+00
   0.83400000E+01   0.72016821E+00
   0.83500000E+01   0.71932721E+00
   0.83600000E+01   0.71848511E+00
   0.83700000E+01   0.71764191E+00
   0.83800000E+01   0.71679760E+00
   0.83900000E+01   0.71595219E+00
   0.84000000E+01   0.71510568E+00
   0.84100000E+01   0.71425805E+00
   0.84200000E+01   0.71340931E+00
   0.84300000E+01   0.71255945E+00
   0.84400000E+01   0.71170848E+00
   0.84500000E+01   0.71085639E+00
   0.84600000E+01   0.71000317E+00
   0.84700000E+01   0.70914883E+00
   0.84800000E+01   0.70829337E+00
   0.84900000E+01   0.70743677E+00
   0.85000000E+01   0.70657904E+00
   0.85100000E+01   0.70572018E+00
   0.85200000E+01   0.70486018E+00
   0.85300000E+01   0.70399904E+00
   0.85400000E+01   0.70313676E+00
   0.85500000E+01   0.70227334E+00
   0.85600000E+01   0.70140877E+00
   0.85700000E+01   0.70054305E+00
   0.85800000E+01   0.69967618E+00
   0.85900000E+01   0.69880815E+00
   0.86000000E+01   0.69793897E+00
   0.86100000E+01   0.69706863E+00
   0.86200000E+01   0.69619713E+00
   0.86300000E+01   0.69532446E+00
   0.86400000E+01   0.69445063E+00
   0.86500000E+01   0.69357563E+00
   0.86600000E+01   0.69269945E+00
   0.86700000E+01   0.69182211E+00
   0.86800000E+01   0.69094358E+00
   0.86900000E+01   0.69006388E+00
   0.87000000E+01   0.68918299E+00
   0.87100000E+01   0.68830092E+00
   0.87200000E+01   0.68741766E+00
   0.87300000E+01   0.68653322E+00
   0.87400000E+01   0.68564758E+00
   0.87500000E+01   0.68476075E+00
   0.87600000E+01   0.68387271E+00
   0.87700000E+01   0.68298348E+00
   0.87800000E+01   0.68209305E+00
   0.87900000E+01   0.68120141E+00
   0.88000000E+01   0.68030856E+00
   0.88100000E+01   0.67941451E+00
   0.88200000E+01   0.67851924E+00
   0.88300000E+01   0.67762275E+00
   0.88400000E+01   0.67672504E+00
   0.88500000E+01   0.67582612E+00
   0.88600000E+01   0.67492597E+00
   0.88700000E+01   0.67402459E+00
   0.88800000E+01   0.67312199E+00
   0.88900000E+01   0.67221815E+00
   0.89000000E+01   0.67131308E+00
   0.89100000E+01   0.67040677E+00
   0.89200000E+01   0.66949922E+00
   0.89300000E+01   0.66859043E+00
   0.89400000E+01   0.66768039E+00
   0.89500000E+01   0.66676911E+00
   0.89600000E+01   0.66585657E+00
   0.89700000E+01   0.66494278E+00
   0.89800000E+01   0.66402773E+00
   0.89900000E+01   0.66311143E+00
   0.90000000E+01   0.66219386E+00
   0.90100000E+01   0.66127503E+00
   0.90200000E+01   0.66035493E+00
   0.90300000E+01   0.65943356E+00
   0.90400000E+01   0.65851092E+00
   0.90500000E+01   0.65758700E+00
   0.90600000E+01   0.65666180E+00
   0.90700000E+01   0.65573532E+00
   0.90800000E+01   0.65480756E+00
   0.90900000E+01   0.65387850E+00
   0.91000000E+01   0.65294816E+00
   0.91100000E+01   0.65201653E+00
   0.91200000E+01   0.65108360E+00
   0.91300000E+01   0.65014937E+00
   0.91400000E+01   0.64921384E+00
   0.91500000E+01   0.64827701E+00
   0.91600000E+01   0.64733886E+00
   0.91700000E+01   0.64639941E+00
   0.91800000E+01   0.64545865E+00
   0.91900000E+01   0.64451656E+00
   0.92000000E+01   0.64357316E+00
   0.92100000E+01   0.64262844E+00
   0.92200000E+01   0.64168239E+00
   0.92300000E+01   0.64073502E+00
   0.92400000E+01   0.63978631E+00
   0.92500000E+01   0.63883628E+00
   0.92600000E+01   0.63788490E+00
   0.92700000E+01   0.63693218E+00
   0.92800000E+01   0.63597813E+00
   0.92900000E+01   0.63502272E+00
   0.93000000E+01   0.63406597E+00
   0.93100000E+01   0.63310786E+00
   0.93200000E+01   0.63214841E+00
   0.93300000E+01   0.63118759E+00
   0.93400000E+01   0.63022541E+00
   0.93500000E+01   0.62926187E+00
   0.93600000E+01   0.62829696E+00
   0.93700000E+01   0.62733069E+00
   0.93800000E+01   0.62636304E+00
   0.93900000E+01   0.62539401E+00
   0.94000000E+01   0.62442360E+00
   0.94100000E+01   0.62345182E+00
   0.94200000E+01   0.62247864E+00
   0.94300000E+01   0.62150408E+00
   0.94400000E+01   0.62052813E+00
   0.94500000E+01   0.61955078E+00
   0.94600000E+01   0.61857204E+00
   0.94700000E+01   0.61759189E+00
   0.94800000E+01   0.61661034E+00
   0.94900000E+01   0.61562738E+00
   0.95000000E+01   0.61464302E+00
   0.95100000E+01   0.61365723E+00
   0.95200000E+01   0.61267004E+00
   0.95300000E+01   0.61168142E+00
   0.95400000E+01   0.61069138E+00
   0.95500000E+01   0.60969991E+00
   0.95600000E+01   0.60870702E+00
   0.95700000E+01   0.60771269E+00
   0.95800000E+01   0.60671692E+00
   0.95900000E+01   0.60571972E+00
   0.96000000E+01   0.60472107E+00
   0.96100000E+01   0.60372098E+00
   0.96200000E+01   0.60271944E+00
   0.96300000E+01   0.60171645E+00
   0.96400000E+01   0.60071200E+00
   0.96500000E+01   0.59970609E+00
   0.96600000E+01   0.59869872E+00
   0.96700000E+01   0.59768989E+00
   0.96800000E+01   0.59667958E+00
   0.96900000E+01   0.59566781E+00
   0.97000000E+01   0.59465456E+00
   0.97100000E+01   0.59363983E+00
   0.97200000E+01   0.59262362E+00
   0.97300000E+01   0.59160592E+00
   0.97400000E+01   0.59058673E+00
   0.97500000E+01   0.58956606E+00
   0.97600000E+01   0.58854388E+00
   0.97700000E+01   0.58752021E+00
   0.97800000E+01   0.58649504E+00
   0.97900000E+01   0.58546836E+00
   0.98000000E+01   0.58444017E+00
   0.98100000E+01   0.58341046E+00
   0.98200000E+01   0.58237925E+00
   0.98300000E+01   0.58134651E+00
   0.98400000E+01   0.58031225E+00
   0.98500000E+01   0.57927646E+00
   0.98600000E+01   0.57823914E+00
   0.98700000E+01   0.57720029E+00
   0.98800000E+01   0.57615991E+00
   0.98900000E+01   0.57511798E+00
   0.99000000E+01   0.57407451E+00
   0.99100000E+01   0.57302949E+00
   0.99200000E+01   0.57198292E+00
   0.99300000E+01   0.57093479E+00
   0.99400000E+01   0.56988511E+00
   0.99500000E+01   0.56883387E+00
   0.99600000E+01   0.56778106E+00
   0.99700000E+01   0.56672668E+00
   0.99800000E+01   0.56567073E+00
   0.99900000E+01   0.56461320E+00
   0.10000000E+02   0.56355410E+00
   0.10010000E+02   0.56249341E+00
   0.10020000E+02   0.56143113E+00
   0.10030000E+02   0.56036726E+00
   0.10040000E+02   0.55930180E+00
   0.10050000E+02   0.55823474E+00
   0.10060000E+02   0.55716608E+00
   0.10070000E+02   0.55609582E+00
   0.10080000E+02   0.55502394E+00
   0.10090000E+02   0.55395046E+00
   0.10100000E+02   0.55287535E+00
   0.10110000E+02   0.55179863E+00
   0.10120000E+02   0.55072028E+00
   0.10130000E+02   0.54964031E+00
   0.10140000E+02   0.54855871E+00
   0.10150000E+02   0.54747547E+00
   0.10160000E+02   0.54639059E+00
   0.10170000E+02   0.54530407E+00
   0.10180000E+02   0.54421590E+00
   0.10190000E+02   0.54312608E+00
   0.10200000E+02   0.54203461E+00
   0.10210000E+02   0.54094148E+00
   0.10220000E+02   0.53984669E+00
   0.10230000E+02   0.53875023E+00
   0.10240000E+02   0.53765211E+00
   0.10250000E+02   0.53655231E+00
   0.10260000E+02   0.53545083E+00
   0.10270000E+02   0.53434767E+00
   0.10280000E+02   0.53324283E+00
   0.10290000E+02   0.53213630E+00
   0.10300000E+02   0.53102808E+00
   0.10310000E+02   0.52991816E+00
   0.10320000E+02   0.52880654E+00
   0.10330000E+02   0.52769322E+00
   0.10340000E+02   0.52657819E+00
   0.10350000E+02   0.52546144E+00
   0.10360000E+02   0.52434298E+00
   0.10370000E+02   0.52322280E+00
   0.10380000E+02   0.52210089E+00
   0.10390000E+02   0.52097726E+00
   0.10400000E+02   0.51985189E+00
   0.10410000E+02   0.51872479E+00
   0.10420000E+02   0.51759595E+00
   0.10430000E+02   0.51646536E+00
   0.10440000E+02   0.51533302E+00
   0.10450000E+02   0.51419893E+00
   0.10460000E+02   0.51306309E+00
   0.10470000E+02   0.51192548E+00
   0.10480000E+02   0.51078611E+00
   0.10490000E+02   0.50964497E+00
   0.10500000E+02   0.50850206E+00
   0.10510000E+02   0.50735736E+00
   0.10520000E+02   0.50621089E+00
   0.10530000E+02   0.50506263E+00
   0.10540000E+02   0.50391258E+00
   0.10550000E+02   0.50276074E+00
   0.10560000E+02   0.50160710E+00
   0.10570000E+02   0.50045166E+00
   0.10580000E+02   0.49929441E+00
   0.10590000E+02   0.49813535E+00
   0.10600000E+02   0.49697447E+00
   0.10610000E+02   0.49581177E+00
   0.10620000E+02   0.49464725E+00
   0.10630000E+02   0.49348091E+00
   0.10640000E+02   0.49231272E+00
   0.10650000E+02   0.49114271E+00
   0.10660000E+02   0.48997085E+00
   0.10670000E+02   0.48879715E+00
   0.10680000E+02   0.48762159E+00
   0.10690000E+02   0.48644418E+00
   0.10700000E+02   0.48526492E+00
   0.10710000E+02   0.48408379E+00
   0.10720000E+02   0.48290079E+00
   0.10730000E+02   0.48171593E+00
   0.10740000E+02   0.48052918E+00
   0.10750000E+02   0.47934056E+00
   0.10760000E+02   0.47815005E+00
   0.10770000E+02   0.47695765E+00
   0.10780000E+02   0.47576335E+00
   0.10790000E+02   0.47456716E+00
   0.10800000E+02   0.47336907E+00
   0.10810000E+02   0.47216906E+00
   0.10820000E+02   0.47096715E+00
   0.10830000E+02   0.46976332E+00
   0.10840000E+02   0.46855757E+00
   0.10850000E+02   0.46734989E+00
   0.10860000E+02   0.46614028E+00
   0.10870000E+02   0.46492873E+00
   0.10880000E+02   0.46371525E+00
   0.10890000E+02   0.46249982E+00
   0.10900000E+02   0.46128245E+00
   0.10910000E+02   0.46006312E+00
   0.10920000E+02   0.45884183E+00
   0.10930000E+02   0.45761858E+00
   0.10940000E+02   0.45639336E+00
   0.10950000E+02   0.45516617E+00
   0.10960000E+02   0.45393700E+00
   0.10970000E+02   0.45270586E+00
   0.10980000E+02   0.45147272E+00
   0.10990000E+02   0.45023759E+00
   0.11000000E+02   0.44900047E+00
   0.11010000E+02   0.44776135E+00
   0.11020000E+02   0.44652022E+00
   0.11030000E+02   0.44527708E+00
   0.11040000E+02   0.44403192E+00
   0.11050000E+02   0.44278475E+00
   0.11060000E+02   0.44153555E+00
   0.11070000E+02   0.44028432E+00
   0.11080000E+02   0.43903105E+00
   0.11090000E+02   0.43777575E+00
   0.11100000E+02   0.43651840E+00
   0.11110000E+02   0.43525900E+00
   0.11120000E+02   0.43399754E+00
   0.11130000E+02   0.43273403E+00
   0.11140000E+02   0.43146845E+00
   0.11150000E+02   0.43020081E+00
   0.11160000E+02   0.42893109E+00
   0.11170000E+02   0.42765928E+00
   0.11180000E+02   0.42638540E+00
   0.11190000E+02   0.42510942E+00
   0.11200000E+02   0.42383135E+00
   0.11210000E+02   0.42255118E+00
   0.11220000E+02   0.42126891E+00
   0.11230000E+02   0.41998452E+00
   0.11240000E+02   0.41869802E+00
   0.11250000E+02   0.41740940E+00
   0.11260000E+02   0.41611865E+00
   0.11270000E+02   0.41482578E+00
   0.11280000E+02   0.41353076E+00
   0.11290000E+02   0.41223361E+00
   0.11300000E+02   0.41093431E+00
   0.11310000E+02   0.40963285E+00
   0.11320000E+02   0.40832924E+00
   0.11330000E+02   0.40702347E+00
   0.11340000E+02   0.40571553E+00
   0.11350000E+02   0.40440542E+00
   0.11360000E+02   0.40309312E+00
   0.11370000E+02   0.40177865E+00
   0.11380000E+02   0.40046198E+00
   0.11390000E+02   0.39914313E+00
   0.11400000E+02   0.39782207E+00
   0.11410000E+02   0.39649880E+00
   0.11420000E+02   0.39517333E+00
   0.11430000E+02   0.39384564E+00
   0.11440000E+02   0.39251572E+00
   0.11450000E+02   0.39118358E+00
   0.11460000E+02   0.38984921E+00
   0.11470000E+02   0.38851260E+00
   0.11480000E+02   0.38717374E+00
   0.11490000E+02   0.38583264E+00
   0.11500000E+02   0.38448928E+00
   0.11510000E+02   0.38314365E+00
   0.11520000E+02   0.38179577E+00
   0.11530000E+02   0.38044561E+00
   0.11540000E+02   0.37909317E+00
   0.11550000E+02   0.37773845E+00
   0.11560000E+02   0.37638144E+00
   0.11570000E+02   0.37502214E+00
   0.11580000E+02   0.37366053E+00
   0.11590000E+02   0.37229662E+00
   0.11600000E+02   0.37093040E+00
   0.11610000E+02   0.36956186E+00
   0.11620000E+02   0.36819099E+00
   0.11630000E+02   0.36681780E+00
   0.11640000E+02   0.36544226E+00
   0.11650000E+02   0.36406439E+00
   0.11660000E+02   0.36268417E+00
   0.11670000E+02   0.36130160E+00
   0.11680000E+02   0.35991667E+00
   0.11690000E+02   0.35852937E+00
   0.11700000E+02   0.35713970E+00
   0.11710000E+02   0.35574766E+00
   0.11720000E+02   0.35435323E+00
   0.11730000E+02   0.35295641E+00
   0.11740000E+02   0.35155720E+00
   0.11750000E+02   0.35015559E+00
   0.11760000E+02   0.34875156E+00
   0.11770000E+02   0.34734513E+00
   0.11780000E+02   0.34593627E+00
   0.11790000E+02   0.34452499E+00
   0.11800000E+02   0.34311128E+00
   0.11810000E+02   0.34169512E+00
   0.11820000E+02   0.34027653E+00
   0.11830000E+02   0.33885548E+00
   0.11840000E+02   0.33743197E+00
   0.11850000E+02   0.33600600E+00
   0.11860000E+02   0.33457756E+00
   0.11870000E+02   0.33314665E+00
   0.11880000E+02   0.33171325E+00
   0.11890000E+02   0.33027736E+00
   0.11900000E+02   0.32883897E+00
   0.11910000E+02   0.32739809E+00
   0.11920000E+02   0.32595469E+00
   0.11930000E+02   0.32450878E+00
   0.11940000E+02   0.32306035E+00
   0.11950000E+02   0.32160939E+00
   0.11960000E+02   0.32015590E+00
   0.11970000E+02   0.31869986E+00
   0.11980000E+02   0.31724128E+00
   0.11990000E+02   0.31578014E+00
   0.12000000E+02   0.31431644E+00
   0.12010000E+02   0.31285017E+00
   0.12020000E+02   0.31138133E+00
   0.12030000E+02   0.30990991E+00
   0.12040000E+02   0.30843590E+00
   0.12050000E+02   0.30695929E+00
   0.12060000E+02   0.30548008E+00
   0.12070000E+02   0.30399826E+00
   0.12080000E+02   0.30251383E+00
   0.12090000E+02   0.30102677E+00
   0.12100000E+02   0.29953708E+00
   0.12110000E+02   0.29804476E+00
   0.12120000E+02   0.29654979E+00
   0.12130000E+02   0.29505218E+00
   0.12140000E+02   0.29355190E+00
   0.12150000E+02   0.29204896E+00
   0.12160000E+02   0.29054335E+00
   0.12170000E+02   0.28903506E+00
   0.12180000E+02   0.28752409E+00
   0.12190000E+02   0.28601042E+00
   0.12200000E+02   0.28449405E+00
   0.12210000E+02   0.28297497E+00
   0.12220000E+02   0.28145318E+00
   0.12230000E+02   0.27992867E+00
   0.12240000E+02   0.27840143E+00
   0.12250000E+02   0.27687145E+00
   0.12260000E+02   0.27533872E+00
   0.12270000E+02   0.27380324E+00
   0.12280000E+02   0.27226501E+00
   0.12290000E+02   0.27072401E+00
   0.12300000E+02   0.26918023E+00
   0.12310000E+02   0.26763367E+00
   0.12320000E+02   0.26608433E+00
   0.12330000E+02   0.26453218E+00
   0.12340000E+02   0.26297724E+00
   0.12350000E+02   0.26141948E+00
   0.12360000E+02   0.25985890E+00
   0.12370000E+02   0.25829549E+00
   0.12380000E+02   0.25672925E+00
   0.12390000E+02   0.25516017E+00
   0.12400000E+02   0.25358823E+00
   0.12410000E+02   0.25201344E+00
   0.12420000E+02   0.25043578E+00
   0.12430000E+02   0.24885524E+00
   0.12440000E+02   0.24727183E+00
   0.12450000E+02   0.24568552E+00
   0.12460000E+02   0.24409631E+00
   0.12470000E+02   0.24250420E+00
   0.12480000E+02   0.24090918E+00
   0.12490000E+02   0.23931123E+00
   0.12500000E+02   0.23771035E+00
   0.12510000E+02   0.23610653E+00
   0.12520000E+02   0.23449977E+00
   0.12530000E+02   0.23289005E+00
   0.12540000E+02   0.23127737E+00
   0.12550000E+02   0.22966172E+00
   0.12560000E+02   0.22804309E+00
   0.12570000E+02   0.22642146E+00
   0.12580000E+02   0.22479685E+00
   0.12590000E+02   0.22316922E+00
   0.12600000E+02   0.22153859E+00
   0.12610000E+02   0.21990493E+00
   0.12620000E+02   0.21826824E+00
   0.12630000E+02   0.21662851E+00
   0.12640000E+02   0.21498574E+00
   0.12650000E+02   0.21333990E+00
   0.12660000E+02   0.21169101E+00
   0.12670000E+02   0.21003904E+00
   0.12680000E+02   0.20838398E+00
   0.12690000E+02   0.20672584E+00
   0.12700000E+02   0.20506459E+00
   0.12710000E+02   0.20340024E+00
   0.12720000E+02   0.20173277E+00
   0.12730000E+02   0.20006217E+00
   0.12740000E+02   0.19838844E+00
   0.12750000E+02   0.19671156E+00
   0.12760000E+02   0.19503153E+00
   0.12770000E+02   0.19334833E+00
   0.12780000E+02   0.19166197E+00
   0.12790000E+02   0.18997242E+00
   0.12800000E+02   0.18827968E+00
   0.12810000E+02   0.18658375E+00
   0.12820000E+02   0.18488460E+00
   0.12830000E+02   0.18318224E+00
   0.12840000E+02   0.18147664E+00
   0.12850000E+02   0.17976782E+00
   0.12860000E+02   0.17805574E+00
   0.12870000E+02   0.17634041E+00
   0.12880000E+02   0.17462182E+00
   0.12890000E+02   0.17289995E+00
   0.12900000E+02   0.17117479E+00
   0.12910000E+02   0.16944635E+00
   0.12920000E+02   0.16771459E+00
   0.12930000E+02   0.16597953E+00
   0.12940000E+02   0.16424114E+00
   0.12950000E+02   0.16249942E+00
   0.12960000E+02   0.16075436E+00
   0.12970000E+02   0.15900595E+00
   0.12980000E+02   0.15725417E+00
   0.12990000E+02   0.15549902E+00
   0.13000000E+02   0.15374049E+00
   0.13010000E+02   0.15197856E+00
   0.13020000E+02   0.15021324E+00
   0.13030000E+02   0.14844450E+00
   0.13040000E+02   0.14667234E+00
   0.13050000E+02   0.14489674E+00
   0.13060000E+02   0.14311771E+00
   0.13070000E+02   0.14133522E+00
   0.13080000E+02   0.13954926E+00
   0.13090000E+02   0.13775984E+00
   0.13100000E+02   0.13596692E+00
   0.13110000E+02   0.13417052E+00
   0.13120000E+02   0.13237061E+00
   0.13130000E+02   0.13056718E+00
   0.13140000E+02   0.12876022E+00
   0.13150000E+02   0.12694973E+00
   0.13160000E+02   0.12513570E+00
   0.13170000E+02   0.12331810E+00
   0.13180000E+02   0.12149693E+00
   0.13190000E+02   0.11967219E+00
   0.13200000E+02   0.11784385E+00
   0.13210000E+02   0.11601192E+00
   0.13220000E+02   0.11417637E+00
   0.13230000E+02   0.11233719E+00
   0.13240000E+02   0.11049439E+00
   0.13250000E+02   0.10864793E+00
   0.13260000E+02   0.10679782E+00
   0.13270000E+02   0.10494405E+00
   0.13280000E+02   0.10308659E+00
   0.13290000E+02   0.10122544E+00
   0.13300000E+02   0.99360598E-01
   0.13310000E+02   0.97492038E-01
   0.13320000E+02   0.95619754E-01
   0.13330000E+02   0.93743735E-01
   0.13340000E+02   0.91863970E-01
   0.13350000E+02   0.89980445E-01
   0.13360000E+02   0.88093151E-01
   0.13370000E+02   0.86202076E-01
   0.13380000E+02   0.84307208E-01
   0.13390000E+02   0.82408535E-01
   0.13400000E+02   0.80506046E-01
   0.13410000E+02   0.78599728E-01
   0.13420000E+02   0.76689571E-01
   0.13430000E+02   0.74775562E-01
   0.13440000E+02   0.72857688E-01
   0.13450000E+02   0.70935940E-01
   0.13460000E+02   0.69010304E-01
   0.13470000E+02   0.67080768E-01
   0.13480000E+02   0.65147321E-01
   0.13490000E+02   0.63209949E-01
   0.13500000E+02   0.61268642E-01
   0.13510000E+02   0.59323387E-01
   0.13520000E+02   0.57374171E-01
   0.13530000E+02   0.55420983E-01
   0.13540000E+02   0.53463809E-01
   0.13550000E+02   0.51502638E-01
   0.13560000E+02   0.49537458E-01
   0.13570000E+02   0.47568254E-01
   0.13580000E+02   0.45595016E-01
   0.13590000E+02   0.43617731E-01
   0.13600000E+02   0.41636386E-01
   0.13610000E+02   0.39650968E-01
   0.13620000E+02   0.37661464E-01
   0.13630000E+02   0.35667862E-01
   0.13640000E+02   0.33670150E-01
   0.13650000E+02   0.31668314E-01
   0.13660000E+02   0.29662341E-01
   0.13670000E+02   0.27652219E-01
   0.13680000E+02   0.25637934E-01
   0.13690000E+02   0.23619474E-01
   0.13700000E+02   0.21596825E-01
   0.13710000E+02   0.19569975E-01
   0.13720000E+02   0.17538910E-01
   0.13730000E+02   0.15503617E-01
   0.13740000E+02   0.13464083E-01
   0.13750000E+02   0.11420294E-01
   0.13760000E+02   0.93722379E-02
   0.13770000E+02   0.73199007E-02
   0.13780000E+02   0.52632688E-02
   0.13790000E+02   0.32023287E-02
   0.13800000E+02   0.11370675E-02
   0.13810000E+02  -0.93252846E-03
   0.13820000E+02  -0.30064730E-02
   0.13830000E+02  -0.50847800E-02
   0.13840000E+02  -0.71674626E-02
   0.13850000E+02  -0.92545344E-02
   0.13860000E+02  -0.11346009E-01
   0.13870000E+02  -0.13441902E-01
   0.13880000E+02  -0.15542225E-01
   0.13890000E+02  -0.17646992E-01
   0.13900000E+02  -0.19756218E-01
   0.13910000E+02  -0.21869916E-01
   0.13920000E+02  -0.23988102E-01
   0.13930000E+02  -0.26110787E-01
   0.13940000E+02  -0.28237987E-01
   0.13950000E+02  -0.30369715E-01
   0.13960000E+02  -0.32505987E-01
   0.13970000E+02  -0.34646815E-01
   0.13980000E+02  -0.36792215E-01
   0.13990000E+02  -0.38942199E-01
   0.14000000E+02  -0.41096784E-01
   0.14010000E+02  -0.43255983E-01
   0.14020000E+02  -0.45419810E-01
   0.14030000E+02  -0.47588280E-01
   0.14040000E+02  -0.49761407E-01
   0.14050000E+02  -0.51939207E-01
   0.14060000E+02  -0.54121692E-01
   0.14070000E+02  -0.56308878E-01
   0.14080000E+02  -0.58500779E-01
   0.14090000E+02  -0.60697411E-01
   0.14100000E+02  -0.62898788E-01
   0.14110000E+02  -0.65104924E-01
   0.14120000E+02  -0.67315834E-01
   0.14130000E+02  -0.69531533E-01
   0.14140000E+02  -0.71752036E-01
   0.14150000E+02  -0.73977357E-01
   0.14160000E+02  -0.76207512E-01
   0.14170000E+02  -0.78442515E-01
   0.14180000E+02  -0.80682382E-01
   0.14190000E+02  -0.82927127E-01
   0.14200000E+02  -0.85176765E-01
   0.14210000E+02  -0.87431312E-01
   0.14220000E+02  -0.89690782E-01
   0.14230000E+02  -0.91955191E-01
   0.14240000E+02  -0.94224553E-01
   0.14250000E+02  -0.96498884E-01
   0.14260000E+02  -0.98778199E-01
   0.14270000E+02  -0.10106251E+00
   0.14280000E+02  -0.10335184E+00
   0.14290000E+02  -0.10564620E+00
   0.14300000E+02  -0.10794560E+00
   0.14310000E+02  -0.11025007E+00
   0.14320000E+02  -0.11255961E+00
   0.14330000E+02  -0.11487424E+00
   0.14340000E+02  -0.11719398E+00
   0.14350000E+02  -0.11951884E+00
   0.14360000E+02  -0.12184883E+00
   0.14370000E+02  -0.12418398E+00
   0.14380000E+02  -0.12652430E+00
   0.14390000E+02  -0.12886981E+00
   0.14400000E+02  -0.13122051E+00
   0.14410000E+02  -0.13357643E+00
   0.14420000E+02  -0.13593758E+00
   0.14430000E+02  -0.13830397E+00
   0.14440000E+02  -0.14067563E+00
   0.14450000E+02  -0.14305256E+00
   0.14460000E+02  -0.14543479E+00
   0.14470000E+02  -0.14782233E+00
   0.14480000E+02  -0.15021520E+00
   0.14490000E+02  -0.15261340E+00
   0.14500000E+02  -0.15501696E+00
   0.14510000E+02  -0.15742589E+00
   0.14520000E+02  -0.15984022E+00
   0.14530000E+02  -0.16225994E+00
   0.14540000E+02  -0.16468509E+00
   0.14550000E+02  -0.16711567E+00
   0.14560000E+02  -0.16955170E+00
   0.14570000E+02  -0.17199320E+00
   0.14580000E+02  -0.17444019E+00
   0.14590000E+02  -0.17689267E+00
   0.14600000E+02  -0.17935067E+00
   0.14610000E+02  -0.18181420E+00
   0.14620000E+02  -0.18428328E+00
   0.14630000E+02  -0.18675793E+00
   0.14640000E+02  -0.18923815E+00
   0.14650000E+02  -0.19172397E+00
   0.14660000E+02  -0.19421540E+00
   0.14670000E+02  -0.19671245E+00
   0.14680000E+02  -0.19921515E+00
   0.14690000E+02  -0.20172351E+00
   0.14700000E+02  -0.20423755E+00
   0.14710000E+02  -0.20675728E+00
   0.14720000E+02  -0.20928272E+00
   0.14730000E+02  -0.21181388E+00
   0.14740000E+02  -0.21435078E+00
   0.14750000E+02  -0.21689344E+00
   0.14760000E+02  -0.21944187E+00
   0.14770000E+02  -0.22199609E+00
   0.14780000E+02  -0.22455611E+00
   0.14790000E+02  -0.22712195E+00
   0.14800000E+02  -0.22969364E+00
   0.14810000E+02  -0.23227117E+00
   0.14820000E+02  -0.23485458E+00
   0.14830000E+02  -0.23744387E+00
   0.14840000E+02  -0.24003906E+00
   0.14850000E+02  -0.24264017E+00
   0.14860000E+02  -0.24524722E+00
   0.14870000E+02  -0.24786022E+00
   0.14880000E+02  -0.25047918E+00
   0.14890000E+02  -0.25310412E+00
   0.14900000E+02  -0.25573507E+00
   0.14910000E+02  -0.25837203E+00
   0.14920000E+02  -0.26101502E+00
   0.14930000E+02  -0.26366406E+00
   0.14940000E+02  -0.26631916E+00
   0.14950000E+02  -0.26898034E+00
   0.14960000E+02  -0.27164762E+00
   0.14970000E+02  -0.27432101E+00
   0.14980000E+02  -0.27700053E+00
   0.14990000E+02  -0.27968619E+00
   0.15000000E+02  -0.28237802E+00
   0.15010000E+02  -0.28507602E+00
   0.15020000E+02  -0.28778021E+00
   0.15030000E+02  -0.29049061E+00
   0.15040000E+02  -0.29320724E+00
   0.15050000E+02  -0.29593011E+00
   0.15060000E+02  -0.29865924E+00
   0.15070000E+02  -0.30139464E+00
   0.15080000E+02  -0.30413633E+00
   0.15090000E+02  -0.30688433E+00
   0.15100000E+02  -0.30963865E+00
   0.15110000E+02  -0.31239930E+00
   0.15120000E+02  -0.31516632E+00
   0.15130000E+02  -0.31793970E+00
   0.15140000E+02  -0.32071946E+00
   0.15150000E+02  -0.32350563E+00
   0.15160000E+02  -0.32629822E+00
   0.15170000E+02  -0.32909724E+00
   0.15180000E+02  -0.33190271E+00
   0.15190000E+02  -0.33471465E+00
   0.15200000E+02  -0.33753307E+00
   0.15210000E+02  -0.34035798E+00
   0.15220000E+02  -0.34318941E+00
   0.15230000E+02  -0.34602737E+00
   0.15240000E+02  -0.34887188E+00
   0.15250000E+02  -0.35172294E+00
   0.15260000E+02  -0.35458059E+00
   0.15270000E+02  -0.35744482E+00
   0.15280000E+02  -0.36031567E+00
   0.15290000E+02  -0.36319314E+00
   0.15300000E+02  -0.36607725E+00
   0.15310000E+02  -0.36896801E+00
   0.15320000E+02  -0.37186545E+00
   0.15330000E+02  -0.37476958E+00
   0.15340000E+02  -0.37768040E+00
   0.15350000E+02  -0.38059795E+00
   0.15360000E+02  -0.38352223E+00
   0.15370000E+02  -0.38645325E+00
   0.15380000E+02  -0.38939105E+00
   0.15390000E+02  -0.39233562E+00
   0.15400000E+02  -0.39528699E+00
   0.15410000E+02  -0.39824517E+00
   0.15420000E+02  -0.40121018E+00
   0.15430000E+02  -0.40418203E+00
   0.15440000E+02  -0.40716074E+00
   0.15450000E+02  -0.41014631E+00
   0.15460000E+02  -0.41313878E+00
   0.15470000E+02  -0.41613815E+00
   0.15480000E+02  -0.41914444E+00
   0.15490000E+02  -0.42215765E+00
   0.15500000E+02  -0.42517782E+00
   0.15510000E+02  -0.42820495E+00
   0.15520000E+02  -0.43123906E+00
   0.15530000E+02  -0.43428016E+00
   0.15540000E+02  -0.43732827E+00
   0.15550000E+02  -0.44038340E+00
   0.15560000E+02  -0.44344556E+00
   0.15570000E+02  -0.44651478E+00
   0.15580000E+02  -0.44959106E+00
   0.15590000E+02  -0.45267443E+00
   0.15600000E+02  -0.45576489E+00
   0.15610000E+02  -0.45886246E+00
   0.15620000E+02  -0.46196715E+00
   0.15630000E+02  -0.46507898E+00
   0.15640000E+02  -0.46819796E+00
   0.15650000E+02  -0.47132411E+00
   0.15660000E+02  -0.47445743E+00
   0.15670000E+02  -0.47759795E+00
   0.15680000E+02  -0.48074568E+00
   0.15690000E+02  -0.48390063E+00
   0.15700000E+02  -0.48706281E+00
   0.15710000E+02  -0.49023225E+00
   0.15720000E+02  -0.49340894E+00
   0.15730000E+02  -0.49659291E+00
   0.15740000E+02  -0.49978417E+00
   0.15750000E+02  -0.50298273E+00
   0.15760000E+02  -0.50618861E+00
   0.15770000E+02  -0.50940181E+00
   0.15780000E+02  -0.51262235E+00
   0.15790000E+02  -0.51585025E+00
   0.15800000E+02  -0.51908551E+00
   0.15810000E+02  -0.52232815E+00
   0.15820000E+02  -0.52557818E+00
   0.15830000E+02  -0.52883562E+00
   0.15840000E+02  -0.53210046E+00
   0.15850000E+02  -0.53537274E+00
   0.15860000E+02  -0.53865245E+00
   0.15870000E+02  -0.54193962E+00
   0.15880000E+02  -0.54523424E+00
   0.15890000E+02  -0.54853634E+00
   0.15900000E+02  -0.55184592E+00
   0.15910000E+02  -0.55516300E+00
   0.15920000E+02  -0.55848758E+00
   0.15930000E+02  -0.56181968E+00
   0.15940000E+02  -0.56515931E+00
   0.15950000E+02  -0.56850648E+00
   0.15960000E+02  -0.57186119E+00
   0.15970000E+02  -0.57522346E+00
   0.15980000E+02  -0.57859330E+00
   0.15990000E+02  -0.58197071E+00
   0.16000000E+02  -0.58535572E+00
   0.16010000E+02  -0.58874831E+00
   0.16020000E+02  -0.59214852E+00
   0.16030000E+02  -0.59555634E+00
   0.16040000E+02  -0.59897177E+00
   0.16050000E+02  -0.60239484E+00
   0.16060000E+02  -0.60582555E+00
   0.16070000E+02  -0.60926391E+00
   0.16080000E+02  -0.61270992E+00
   0.16090000E+02  -0.61616359E+00
   0.16100000E+02  -0.61962494E+00
   0.16110000E+02  -0.62309396E+00
   0.16120000E+02  -0.62657066E+00
   0.16130000E+02  -0.63005505E+00
   0.16140000E+02  -0.63354714E+00
   0.16150000E+02  -0.63704693E+00
   0.16160000E+02  -0.64055443E+00
   0.16170000E+02  -0.64406964E+00
   0.16180000E+02  -0.64759257E+00
   0.16190000E+02  -0.65112322E+00
   0.16200000E+02  -0.65466160E+00
   0.16210000E+02  -0.65820770E+00
   0.16220000E+02  -0.66176154E+00
   0.16230000E+02  -0.66532312E+00
   0.16240000E+02  -0.66889244E+00
   0.16250000E+02  -0.67246950E+00
   0.16260000E+02  -0.67605431E+00
   0.16270000E+02  -0.67964685E+00
   0.16280000E+02  -0.68324715E+00
   0.16290000E+02  -0.68685519E+00
   0.16300000E+02  -0.69047097E+00
   0.16310000E+02  -0.69409449E+00
   0.16320000E+02  -0.69772575E+00
   0.16330000E+02  -0.70136475E+00
   0.16340000E+02  -0.70501148E+00
   0.16350000E+02  -0.70866593E+00
   0.16360000E+02  -0.71232810E+00
   0.16370000E+02  -0.71599798E+00
   0.16380000E+02  -0.71967555E+00
   0.16390000E+02  -0.72336081E+00
   0.16400000E+02  -0.72705373E+00
   0.16410000E+02  -0.73075432E+00
   0.16420000E+02  -0.73446253E+00
   0.16430000E+02  -0.73817836E+00
   0.16440000E+02  -0.74190176E+00
   0.16450000E+02  -0.74563272E+00
   0.16460000E+02  -0.74937120E+00
   0.16470000E+02  -0.75311716E+00
   0.16480000E+02  -0.75687055E+00
   0.16490000E+02  -0.76063133E+00
   0.16500000E+02  -0.76439944E+00
   0.16510000E+02  -0.76817482E+00
   0.16520000E+02  -0.77195738E+00
   0.16530000E+02  -0.77574705E+00
   0.16540000E+02  -0.77954376E+00
   0.16550000E+02  -0.78334738E+00
   0.16560000E+02  -0.78715781E+00
   0.16570000E+02  -0.79097493E+00
   0.16580000E+02  -0.79479860E+00
   0.16590000E+02  -0.79862868E+00
   0.16600000E+02  -0.80246500E+00
   0.16610000E+02  -0.80630739E+00
   0.16620000E+02  -0.81015566E+00
   0.16630000E+02  -0.81400962E+00
   0.16640000E+02  -0.81786905E+00
   0.16650000E+02  -0.82173371E+00
   0.16660000E+02  -0.82560340E+00
   0.16670000E+02  -0.82947787E+00
   0.16680000E+02  -0.83335687E+00
   0.16690000E+02  -0.83724015E+00
   0.16700000E+02  -0.84112749E+00
   0.16710000E+02  -0.84501865E+00
   0.16720000E+02  -0.84891340E+00
   0.16730000E+02  -0.85281152E+00
   0.16740000E+02  -0.85671282E+00
   0.16750000E+02  -0.86061715E+00
   0.16760000E+02  -0.86452435E+00
   0.16770000E+02  -0.86843430E+00
   0.16780000E+02  -0.87234691E+00
   0.16790000E+02  -0.87626214E+00
   0.16800000E+02  -0.88017996E+00
   0.16810000E+02  -0.88410037E+00
   0.16820000E+02  -0.88802341E+00
   0.16830000E+02  -0.89194917E+00
   0.16840000E+02  -0.89587775E+00
   0.16850000E+02  -0.89980927E+00
   0.16860000E+02  -0.90374388E+00
   0.16870000E+02  -0.90768176E+00
   0.16880000E+02  -0.91162310E+00
   0.16890000E+02  -0.91556813E+00
   0.16900000E+02  -0.91951704E+00
   0.16910000E+02  -0.92347008E+00
   0.16920000E+02  -0.92742750E+00
   0.16930000E+02  -0.93138954E+00
   0.16940000E+02  -0.93535644E+00
   0.16950000E+02  -0.93932845E+00
   0.16960000E+02  -0.94330582E+00
   0.16970000E+02  -0.94728882E+00
   0.16980000E+02  -0.95127767E+00
   0.16990000E+02  -0.95527260E+00
   0.17000000E+02  -0.95927385E+00
   0.17010000E+02  -0.96328166E+00
   0.17020000E+02  -0.96729623E+00
   0.17030000E+02  -0.97131776E+00
   0.17040000E+02  -0.97534646E+00
   0.17050000E+02  -0.97938254E+00
   0.17060000E+02  -0.98342616E+00
   0.17070000E+02  -0.98747750E+00
   0.17080000E+02  -0.99153670E+00
   0.17090000E+02  -0.99560395E+00
   0.17100000E+02  -0.99967940E+00
   0.17110000E+02  -0.10037632E+01
   0.17120000E+02  -0.10078554E+01
   0.17130000E+02  -0.10119561E+01
   0.17140000E+02  -0.10160656E+01
   0.17150000E+02  -0.10201839E+01
   0.17160000E+02  -0.10243110E+01
   0.17170000E+02  -0.10284472E+01
   0.17180000E+02  -0.10325924E+01
   0.17190000E+02  -0.10367467E+01
   0.17200000E+02  -0.10409103E+01
   0.17210000E+02  -0.10450831E+01
   0.17220000E+02  -0.10492653E+01
   0.17230000E+02  -0.10534570E+01
   0.17240000E+02  -0.10576581E+01
   0.17250000E+02  -0.10618687E+01
   0.17260000E+02  -0.10660888E+01
   0.17270000E+02  -0.10703186E+01
   0.17280000E+02  -0.10745580E+01
   0.17290000E+02  -0.10788071E+01
   0.17300000E+02  -0.10830658E+01
   0.17310000E+02  -0.10873344E+01
   0.17320000E+02  -0.10916127E+01
   0.17330000E+02  -0.10959007E+01
   0.17340000E+02  -0.11001986E+01
   0.17350000E+02  -0.11045063E+01
   0.17360000E+02  -0.11088239E+01
   0.17370000E+02  -0.11131513E+01
   0.17380000E+02  -0.11174886E+01
   0.17390000E+02  -0.11218358E+01
   0.17400000E+02  -0.11261930E+01
   0.17410000E+02  -0.11305600E+01
   0.17420000E+02  -0.11349370E+01
   0.17430000E+02  -0.11393239E+01
   0.17440000E+02  -0.11437207E+01
   0.17450000E+02  -0.11481275E+01
   0.17460000E+02  -0.11525442E+01
   0.17470000E+02  -0.11569709E+01
   0.17480000E+02  -0.11614076E+01
   0.17490000E+02  -0.11658542E+01
   0.17500000E+02  -0.11703107E+01
   0.17510000E+02  -0.11747772E+01
   0.17520000E+02  -0.11792537E+01
   0.17530000E+02  -0.11837401E+01
   0.17540000E+02  -0.11882364E+01
   0.17550000E+02  -0.11927427E+01
   0.17560000E+02  -0.11972588E+01
   0.17570000E+02  -0.12017850E+01
   0.17580000E+02  -0.12063210E+01
   0.17590000E+02  -0.12108669E+01
   0.17600000E+02  -0.12154226E+01
   0.17610000E+02  -0.12199883E+01
   0.17620000E+02  -0.12245638E+01
   0.17630000E+02  -0.12291492E+01
   0.17640000E+02  -0.12337444E+01
   0.17650000E+02  -0.12383494E+01
   0.17660000E+02  -0.12429642E+01
   0.17670000E+02  -0.12475888E+01
   0.17680000E+02  -0.12522232E+01
   0.17690000E+02  -0.12568673E+01
   0.17700000E+02  -0.12615212E+01
   0.17710000E+02  -0.12661848E+01
   0.17720000E+02  -0.12708580E+01
   0.17730000E+02  -0.12755409E+01
   0.17740000E+02  -0.12802334E+01
   0.17750000E+02  -0.12849356E+01
   0.17760000E+02  -0.12896472E+01
   0.17770000E+02  -0.12943684E+01
   0.17780000E+02  -0.12990991E+01
   0.17790000E+02  -0.13038393E+01
   0.17800000E+02  -0.13085889E+01
   0.17810000E+02  -0.13133478E+01
   0.17820000E+02  -0.13181160E+01
   0.17830000E+02  -0.13228936E+01
   0.17840000E+02  -0.13276804E+01
   0.17850000E+02  -0.13324763E+01
   0.17860000E+02  -0.13372814E+01
   0.17870000E+02  -0.13420956E+01
   0.17880000E+02  -0.13469189E+01
   0.17890000E+02  -0.13517511E+01
   0.17900000E+02  -0.13565923E+01
   0.17910000E+02  -0.13614423E+01
   0.17920000E+02  -0.13663013E+01
   0.17930000E+02  -0.13711689E+01
   0.17940000E+02  -0.13760453E+01
   0.17950000E+02  -0.13809303E+01
   0.17960000E+02  -0.13858241E+01
   0.17970000E+02  -0.13907263E+01
   0.17980000E+02  -0.13956370E+01
   0.17990000E+02  -0.14005562E+01
   0.18000000E+02  -0.14054838E+01
   0.18010000E+02  -0.14104197E+01
   0.18020000E+02  -0.14153639E+01
   0.18030000E+02  -0.14203162E+01
   0.18040000E+02  -0.14252768E+01
   0.18050000E+02  -0.14302455E+01
   0.18060000E+02  -0.14352222E+01
   0.18070000E+02  -0.14402069E+01
   0.18080000E+02  -0.14451995E+01
   0.18090000E+02  -0.14502001E+01
   0.18100000E+02  -0.14552084E+01
   0.18110000E+02  -0.14602245E+01
   0.18120000E+02  -0.14652483E+01
   0.18130000E+02  -0.14702798E+01
   0.18140000E+02  -0.14753189E+01
   0.18150000E+02  -0.14803654E+01
   0.18160000E+02  -0.14854194E+01
   0.18170000E+02  -0.14904810E+01
   0.18180000E+02  -0.14955499E+01
   0.18190000E+02  -0.15006261E+01
   0.18200000E+02  -0.15057096E+01
   0.18210000E+02  -0.15108003E+01
   0.18220000E+02  -0.15158982E+01
   0.18230000E+02  -0.15210032E+01
   0.18240000E+02  -0.15261152E+01
   0.18250000E+02  -0.15312343E+01
   0.18260000E+02  -0.15363604E+01
   0.18270000E+02  -0.15414934E+01
   0.18280000E+02  -0.15466332E+01
   0.18290000E+02  -0.15517798E+01
   0.18300000E+02  -0.15569332E+01
   0.18310000E+02  -0.15620934E+01
   0.18320000E+02  -0.15672602E+01
   0.18330000E+02  -0.15724336E+01
   0.18340000E+02  -0.15776137E+01
   0.18350000E+02  -0.15828004E+01
   0.18360000E+02  -0.15879935E+01
   0.18370000E+02  -0.15931930E+01
   0.18380000E+02  -0.15983989E+01
   0.18390000E+02  -0.16036114E+01
   0.18400000E+02  -0.16088301E+01
   0.18410000E+02  -0.16140550E+01
   0.18420000E+02  -0.16192862E+01
   0.18430000E+02  -0.16245237E+01
   0.18440000E+02  -0.16297674E+01
   0.18450000E+02  -0.16350172E+01
   0.18460000E+02  -0.16402729E+01
   0.18470000E+02  -0.16455349E+01
   0.18480000E+02  -0.16508029E+01
   0.18490000E+02  -0.16560769E+01
   0.18500000E+02  -0.16613566E+01
   0.18510000E+02  -0.16666424E+01
   0.18520000E+02  -0.16719342E+01
   0.18530000E+02  -0.16772318E+01
   0.18540000E+02  -0.16825350E+01
   0.18550000E+02  -0.16878440E+01
   0.18560000E+02  -0.16931590E+01
   0.18570000E+02  -0.16984796E+01
   0.18580000E+02  -0.17038058E+01
   0.18590000E+02  -0.17091375E+01
   0.18600000E+02  -0.17144751E+01
   0.18610000E+02  -0.17198183E+01
   0.18620000E+02  -0.17251669E+01
   0.18630000E+02  -0.17305209E+01
   0.18640000E+02  -0.17358804E+01
   0.18650000E+02  -0.17412457E+01
   0.18660000E+02  -0.17466162E+01
   0.18670000E+02  -0.17519919E+01
   0.18680000E+02  -0.17573730E+01
   0.18690000E+02  -0.17627598E+01
   0.18700000E+02  -0.17681517E+01
   0.18710000E+02  -0.17735487E+01
   0.18720000E+02  -0.17789510E+01
   0.18730000E+02  -0.17843587E+01
   0.18740000E+02  -0.17897716E+01
   0.18750000E+02  -0.17951895E+01
   0.18760000E+02  -0.18006123E+01
   0.18770000E+02  -0.18060405E+01
   0.18780000E+02  -0.18114740E+01
   0.18790000E+02  -0.18169122E+01
   0.18800000E+02  -0.18223553E+01
   0.18810000E+02  -0.18278035E+01
   0.18820000E+02  -0.18332570E+01
   0.18830000E+02  -0.18387153E+01
   0.18840000E+02  -0.18441782E+01
   0.18850000E+02  -0.18496459E+01
   0.18860000E+02  -0.18551189E+01
   0.18870000E+02  -0.18605968E+01
   0.18880000E+02  -0.18660791E+01
   0.18890000E+02  -0.18715661E+01
   0.18900000E+02  -0.18770581E+01
   0.18910000E+02  -0.18825551E+01
   0.18920000E+02  -0.18880564E+01
   0.18930000E+02  -0.18935622E+01
   0.18940000E+02  -0.18990728E+01
   0.18950000E+02  -0.19045885E+01
   0.18960000E+02  -0.19101085E+01
   0.18970000E+02  -0.19156327E+01
   0.18980000E+02  -0.19211616E+01
   0.18990000E+02  -0.19266954E+01
   0.19000000E+02  -0.19322337E+01
   0.19010000E+02  -0.19377760E+01
   0.19020000E+02  -0.19433227E+01
   0.19030000E+02  -0.19488742E+01
   0.19040000E+02  -0.19544304E+01
   0.19050000E+02  -0.19599905E+01
   0.19060000E+02  -0.19655547E+01
   0.19070000E+02  -0.19711235E+01
   0.19080000E+02  -0.19766971E+01
   0.19090000E+02  -0.19822746E+01
   0.19100000E+02  -0.19878560E+01
   0.19110000E+02  -0.19934418E+01
   0.19120000E+02  -0.19990323E+01
   0.19130000E+02  -0.20046269E+01
   0.19140000E+02  -0.20102252E+01
   0.19150000E+02  -0.20158275E+01
   0.19160000E+02  -0.20214345E+01
   0.19170000E+02  -0.20270459E+01
   0.19180000E+02  -0.20326607E+01
   0.19190000E+02  -0.20382793E+01
   0.19200000E+02  -0.20439024E+01
   0.19210000E+02  -0.20495300E+01
   0.19220000E+02  -0.20551611E+01
   0.19230000E+02  -0.20607957E+01
   0.19240000E+02  -0.20664345E+01
   0.19250000E+02  -0.20720780E+01
   0.19260000E+02  -0.20777251E+01
   0.19270000E+02  -0.20833754E+01
   0.19280000E+02  -0.20890296E+01
   0.19290000E+02  -0.20946884E+01
   0.19300000E+02  -0.21003512E+01
   0.19310000E+02  -0.21060169E+01
   0.19320000E+02  -0.21116862E+01
   0.19330000E+02  -0.21173599E+01
   0.19340000E+02  -0.21230380E+01
   0.19350000E+02  -0.21287190E+01
   0.19360000E+02  -0.21344031E+01
   0.19370000E+02  -0.21400914E+01
   0.19380000E+02  -0.21457842E+01
   0.19390000E+02  -0.21514802E+01
   0.19400000E+02  -0.21571790E+01
   0.19410000E+02  -0.21628815E+01
   0.19420000E+02  -0.21685886E+01
   0.19430000E+02  -0.21742993E+01
   0.19440000E+02  -0.21800125E+01
   0.19450000E+02  -0.21857290E+01
   0.19460000E+02  -0.21914499E+01
   0.19470000E+02  -0.21971749E+01
   0.19480000E+02  -0.22029024E+01
   0.19490000E+02  -0.22086327E+01
   0.19500000E+02  -0.22143670E+01
   0.19510000E+02  -0.22201059E+01
   0.19520000E+02  -0.22258474E+01
   0.19530000E+02  -0.22315913E+01
   0.19540000E+02  -0.22373388E+01
   0.19550000E+02  -0.22430910E+01
   0.19560000E+02  -0.22488463E+01
   0.19570000E+02  -0.22546036E+01
   0.19580000E+02  -0.22603640E+01
   0.19590000E+02  -0.22661290E+01
   0.19600000E+02  -0.22718979E+01
   0.19610000E+02  -0.22776685E+01
   0.19620000E+02  -0.22834417E+01
   0.19630000E+02  -0.22892190E+01
   0.19640000E+02  -0.22950009E+01
   0.19650000E+02  -0.23007847E+01
   0.19660000E+02  -0.23065705E+01
   0.19670000E+02  -0.23123598E+01
   0.19680000E+02  -0.23181542E+01
   0.19690000E+02  -0.23239510E+01
   0.19700000E+02  -0.23297493E+01
   0.19710000E+02  -0.23355506E+01
   0.19720000E+02  -0.23413567E+01
   0.19730000E+02  -0.23471664E+01
   0.19740000E+02  -0.23529770E+01
   0.19750000E+02  -0.23587901E+01
   0.19760000E+02  -0.23646075E+01
   0.19770000E+02  -0.23704295E+01
   0.19780000E+02  -0.23762526E+01
   0.19790000E+02  -0.23820773E+01
   0.19800000E+02  -0.23879057E+01
   0.19810000E+02  -0.23937393E+01
   0.19820000E+02  -0.23995748E+01
   0.19830000E+02  -0.24054110E+01
   0.19840000E+02  -0.24112503E+01
   0.19850000E+02  -0.24170949E+01
   0.19860000E+02  -0.24229425E+01
   0.19870000E+02  -0.24287903E+01
   0.19880000E+02  -0.24346404E+01
   0.19890000E+02  -0.24404953E+01
   0.19900000E+02  -0.24463546E+01
   0.19910000E+02  -0.24522141E+01
   0.19920000E+02  -0.24580749E+01
   0.19930000E+02  -0.24639397E+01
   0.19940000E+02  -0.24698101E+01
   0.19950000E+02  -0.24756813E+01
   0.19960000E+02  -0.24815528E+01
   0.19970000E+02  -0.24874274E+01
   0.19980000E+02  -0.24933080E+01
   0.19990000E+02  -0.24991908E+01
   0.20000000E+02  -0.25050730E+01
   0.20010000E+02  -0.25109574E+01
   0.20020000E+02  -0.25168474E+01
   0.20030000E+02  -0.25227415E+01
   0.20040000E+02  -0.25286347E+01
   0.20050000E+02  -0.25345289E+01
   0.20060000E+02  -0.25404277E+01
   0.20070000E+02  -0.25463324E+01
   0.20080000E+02  -0.25522367E+01
   0.20090000E+02  -0.25581407E+01
   0.20100000E+02  -0.25640481E+01
   0.20110000E+02  -0.25699625E+01
   0.20120000E+02  -0.25758780E+01
   0.20130000E+02  -0.25817919E+01
   0.20140000E+02  -0.25877082E+01
   0.20150000E+02  -0.25936311E+01
   0.20160000E+02  -0.25995576E+01
   0.20170000E+02  -0.26054818E+01
   0.20180000E+02  -0.26114069E+01
   0.20190000E+02  -0.26173375E+01
   0.20200000E+02  -0.26232743E+01
   0.20210000E+02  -0.26292092E+01
   0.20220000E+02  -0.26351432E+01
   0.20230000E+02  -0.26410813E+01
   0.20240000E+02  -0.26470273E+01
   0.20250000E+02  -0.26529731E+01
   0.20260000E+02  -0.26589162E+01
   0.20270000E+02  -0.26648619E+01
   0.20280000E+02  -0.26708158E+01
   0.20290000E+02  -0.26767725E+01
   0.20300000E+02  -0.26827251E+01
   0.20310000E+02  -0.26886788E+01
   0.20320000E+02  -0.26946393E+01
   0.20330000E+02  -0.27006062E+01
   0.20340000E+02  -0.27065691E+01
   0.20350000E+02  -0.27125308E+01
   0.20360000E+02  -0.27184975E+01
   0.20370000E+02  -0.27244733E+01
   0.20380000E+02  -0.27304471E+01
   0.20390000E+02  -0.27364170E+01
   0.20400000E+02  -0.27423901E+01
   0.20410000E+02  -0.27483733E+01
   0.20420000E+02  -0.27543579E+01
   0.20430000E+02  -0.27603366E+01
   0.20440000E+02  -0.27663166E+01
   0.20450000E+02  -0.27723055E+01
   0.20460000E+02  -0.27783004E+01
   0.20470000E+02  -0.27842891E+01
   0.20480000E+02  -0.27902761E+01
   0.20490000E+02  -0.27962698E+01
   0.20500000E+02  -0.28022738E+01
   0.20510000E+02  -0.28082731E+01
   0.20520000E+02  -0.28142675E+01
   0.20530000E+02  -0.28202661E+01
   0.20540000E+02  -0.28262772E+01
   0.20550000E+02  -0.28322876E+01
   0.20560000E+02  -0.28382900E+01
   0.20570000E+02  -0.28442943E+01
   0.20580000E+02  -0.28503103E+01
   0.20590000E+02  -0.28563315E+01
   0.20600000E+02  -0.28623433E+01
   0.20610000E+02  -0.28683536E+01
   0.20620000E+02  -0.28743729E+01
   0.20630000E+02  -0.28804035E+01
   0.20640000E+02  -0.28864261E+01
   0.20650000E+02  -0.28924429E+01
   0.20660000E+02  -0.28984654E+01
   0.20670000E+02  -0.29045031E+01
   0.20680000E+02  -0.29105372E+01
   0.20690000E+02  -0.29165613E+01
   0.20700000E+02  -0.29225878E+01
   0.20710000E+02  -0.29286299E+01
   0.20720000E+02  -0.29346755E+01
   0.20730000E+02  -0.29407083E+01
   0.20740000E+02  -0.29467398E+01
   0.20750000E+02  -0.29527838E+01
   0.20760000E+02  -0.29588397E+01
   0.20770000E+02  -0.29648832E+01
   0.20780000E+02  -0.29709201E+01
   0.20790000E+02  -0.29769652E+01
   0.20800000E+02  -0.29830289E+01
   0.20810000E+02  -0.29890845E+01
   0.20820000E+02  -0.29951276E+01
   0.20830000E+02  -0.30011749E+01
   0.20840000E+02  -0.30072427E+01
   0.20850000E+02  -0.30133110E+01
   0.20860000E+02  -0.30193620E+01
   0.20870000E+02  -0.30254129E+01
   0.20880000E+02  -0.30314812E+01
   0.20890000E+02  -0.30375610E+01
   0.20900000E+02  -0.30436228E+01
   0.20910000E+02  -0.30496781E+01
   0.20920000E+02  -0.30557451E+01
   0.20930000E+02  -0.30618335E+01
   0.20940000E+02  -0.30679082E+01
   0.20950000E+02  -0.30739689E+01
   0.20960000E+02  -0.30800355E+01
   0.20970000E+02  -0.30861282E+01
   0.20980000E+02  -0.30922170E+01
   0.20990000E+02  -0.30982847E+01
   0.21000000E+02  -0.31043532E+01
   0.21010000E+02  -0.31104453E+01
   0.21020000E+02  -0.31165476E+01
   0.21030000E+02  -0.31226256E+01
   0.21040000E+02  -0.31286971E+01
   0.21050000E+02  -0.31347856E+01
   0.21060000E+02  -0.31408984E+01
   0.21070000E+02  -0.31469900E+01
   0.21080000E+02  -0.31530654E+01
   0.21090000E+02  -0.31591504E+01
   0.21100000E+02  -0.31652688E+01
   0.21110000E+02  -0.31713763E+01
   0.21120000E+02  -0.31774574E+01
   0.21130000E+02  -0.31835413E+01
   0.21140000E+02  -0.31896588E+01
   0.21150000E+02  -0.31957826E+01
   0.21160000E+02  -0.32018732E+01
   0.21170000E+02  -0.32079584E+01
   0.21180000E+02  -0.32140695E+01
   0.21190000E+02  -0.32202066E+01
   0.21200000E+02  -0.32263119E+01
   0.21210000E+02  -0.32323997E+01
   0.21220000E+02  -0.32385031E+01
   0.21230000E+02  -0.32446472E+01
   0.21240000E+02  -0.32507706E+01
   0.21250000E+02  -0.32568633E+01
   0.21260000E+02  -0.32629621E+01
   0.21270000E+02  -0.32691051E+01
   0.21280000E+02  -0.32752476E+01
   0.21290000E+02  -0.32813491E+01
   0.21300000E+02  -0.32874476E+01
   0.21310000E+02  -0.32935814E+01
   0.21320000E+02  -0.32997403E+01
   0.21330000E+02  -0.33058571E+01
   0.21340000E+02  -0.33119570E+01
   0.21350000E+02  -0.33180787E+01
   0.21360000E+02  -0.33242474E+01
   0.21370000E+02  -0.33303840E+01
   0.21380000E+02  -0.33364873E+01
   0.21390000E+02  -0.33426001E+01
   0.21400000E+02  -0.33487691E+01
   0.21410000E+02  -0.33549284E+01
   0.21420000E+02  -0.33610385E+01
   0.21430000E+02  -0.33671479E+01
   0.21440000E+02  -0.33733063E+01
   0.21450000E+02  -0.33794871E+01
   0.21460000E+02  -0.33856119E+01
   0.21470000E+02  -0.33917201E+01
   0.21480000E+02  -0.33978616E+01
   0.21490000E+02  -0.34040574E+01
   0.21500000E+02  -0.34102044E+01
   0.21510000E+02  -0.34163133E+01
   0.21520000E+02  -0.34224392E+01
   0.21530000E+02  -0.34286387E+01
   0.21540000E+02  -0.34348133E+01
   0.21550000E+02  -0.34409266E+01
   0.21560000E+02  -0.34470435E+01
   0.21570000E+02  -0.34532320E+01
   0.21580000E+02  -0.34594350E+01
   0.21590000E+02  -0.34655620E+01
   0.21600000E+02  -0.34716745E+01
   0.21610000E+02  -0.34778400E+01
   0.21620000E+02  -0.34840648E+01
   0.21630000E+02  -0.34902172E+01
   0.21640000E+02  -0.34963280E+01
   0.21650000E+02  -0.35024689E+01
   0.21660000E+02  -0.35087016E+01
   0.21670000E+02  -0.35148868E+01
   0.21680000E+02  -0.35210008E+01
   0.21690000E+02  -0.35271252E+01
   0.21700000E+02  -0.35333470E+01
   0.21710000E+02  -0.35395679E+01
   0.21720000E+02  -0.35456939E+01
   0.21730000E+02  -0.35518115E+01
   0.21740000E+02  -0.35580041E+01
   0.21750000E+02  -0.35642545E+01
   0.21760000E+02  -0.35704077E+01
   0.21770000E+02  -0.35765221E+01
   0.21780000E+02  -0.35826806E+01
   0.21790000E+02  -0.35889443E+01
   0.21800000E+02  -0.35951348E+01
   0.21810000E+02  -0.36012506E+01
   0.21820000E+02  -0.36073841E+01
   0.21830000E+02  -0.36136395E+01
   0.21840000E+02  -0.36198727E+01
   0.21850000E+02  -0.36259972E+01
   0.21860000E+02  -0.36321202E+01
   0.21870000E+02  -0.36383433E+01
   0.21880000E+02  -0.36446150E+01
   0.21890000E+02  -0.36507658E+01
   0.21900000E+02  -0.36568834E+01
   0.21910000E+02  -0.36630628E+01
   0.21920000E+02  -0.36693571E+01
   0.21930000E+02  -0.36755490E+01
   0.21940000E+02  -0.36816646E+01
   0.21950000E+02  -0.36878073E+01
   0.21960000E+02  -0.36941003E+01
   0.21970000E+02  -0.37003425E+01
   0.21980000E+02  -0.37064622E+01
   0.21990000E+02  -0.37125863E+01
   0.22000000E+02  -0.37188471E+01
   0.22010000E+02  -0.37251408E+01
   0.22020000E+02  -0.37312823E+01
   0.22030000E+02  -0.37373977E+01
   0.22040000E+02  -0.37436036E+01
   0.22050000E+02  -0.37499349E+01
   0.22060000E+02  -0.37561214E+01
   0.22070000E+02  -0.37622301E+01
   0.22080000E+02  -0.37683825E+01
   0.22090000E+02  -0.37747232E+01
   0.22100000E+02  -0.37809703E+01
   0.22110000E+02  -0.37870776E+01
   0.22120000E+02  -0.37931972E+01
   0.22130000E+02  -0.37995088E+01
   0.22140000E+02  -0.38058246E+01
   0.22150000E+02  -0.38119474E+01
   0.22160000E+02  -0.38180521E+01
   0.22170000E+02  -0.38242972E+01
   0.22180000E+02  -0.38306697E+01
   0.22190000E+02  -0.38368427E+01
   0.22200000E+02  -0.38429344E+01
   0.22210000E+02  -0.38491045E+01
   0.22220000E+02  -0.38555010E+01
   0.22230000E+02  -0.38617470E+01
   0.22240000E+02  -0.38678321E+01
   0.22250000E+02  -0.38739476E+01
   0.22260000E+02  -0.38803224E+01
   0.22270000E+02  -0.38866554E+01
   0.22280000E+02  -0.38927504E+01
   0.22290000E+02  -0.38988403E+01
   0.22300000E+02  -0.39051396E+01
   0.22310000E+02  -0.39115515E+01
   0.22320000E+02  -0.39176991E+01
   0.22330000E+02  -0.39237707E+01
   0.22340000E+02  -0.39299697E+01
   0.22350000E+02  -0.39364257E+01
   0.22360000E+02  -0.39426581E+01
   0.22370000E+02  -0.39487192E+01
   0.22380000E+02  -0.39548352E+01
   0.22390000E+02  -0.39612813E+01
   0.22400000E+02  -0.39676188E+01
   0.22410000E+02  -0.39736838E+01
   0.22420000E+02  -0.39797593E+01
   0.22430000E+02  -0.39861255E+01
   0.22440000E+02  -0.39925682E+01
   0.22450000E+02  -0.39986786E+01
   0.22460000E+02  -0.40047350E+01
   0.22470000E+02  -0.40109743E+01
   0.22480000E+02  -0.40174878E+01
   0.22490000E+02  -0.40236913E+01
   0.22500000E+02  -0.40297340E+01
   0.22510000E+02  -0.40358574E+01
   0.22520000E+02  -0.40423783E+01
   0.22530000E+02  -0.40487035E+01
   0.22540000E+02  -0.40547422E+01
   0.22550000E+02  -0.40608042E+01
   0.22560000E+02  -0.40672501E+01
   0.22570000E+02  -0.40737078E+01
   0.22580000E+02  -0.40797757E+01
   0.22590000E+02  -0.40858196E+01
   0.22600000E+02  -0.40921161E+01
   0.22610000E+02  -0.40986762E+01
   0.22620000E+02  -0.41048414E+01
   0.22630000E+02  -0.41108677E+01
   0.22640000E+02  -0.41170118E+01
   0.22650000E+02  -0.41236045E+01
   0.22660000E+02  -0.41299046E+01
   0.22670000E+02  -0.41359187E+01
   0.22680000E+02  -0.41419708E+01
   0.22690000E+02  -0.41485053E+01
   0.22700000E+02  -0.41549630E+01
   0.22710000E+02  -0.41609880E+01
   0.22720000E+02  -0.41670154E+01
   0.22730000E+02  -0.41733895E+01
   0.22740000E+02  -0.41799847E+01
   0.22750000E+02  -0.41861024E+01
   0.22760000E+02  -0.41921090E+01
   0.22770000E+02  -0.41982928E+01
   0.22780000E+02  -0.42049547E+01
   0.22790000E+02  -0.42112184E+01
   0.22800000E+02  -0.42172063E+01
   0.22810000E+02  -0.42232544E+01
   0.22820000E+02  -0.42298850E+01
   0.22830000E+02  -0.42363289E+01
   0.22840000E+02  -0.42423113E+01
   0.22850000E+02  -0.42483155E+01
   0.22860000E+02  -0.42547886E+01
   0.22870000E+02  -0.42614091E+01
   0.22880000E+02  -0.42674648E+01
   0.22890000E+02  -0.42734510E+01
   0.22900000E+02  -0.42796930E+01
   0.22910000E+02  -0.42864261E+01
   0.22920000E+02  -0.42926378E+01
   0.22930000E+02  -0.42985998E+01
   0.22940000E+02  -0.43046486E+01
   0.22950000E+02  -0.43113873E+01
   0.22960000E+02  -0.43177998E+01
   0.22970000E+02  -0.43237410E+01
   0.22980000E+02  -0.43297112E+01
   0.22990000E+02  -0.43363104E+01
   0.23000000E+02  -0.43429445E+01
   0.23010000E+02  -0.43489212E+01
   0.23020000E+02  -0.43548852E+01
   0.23030000E+02  -0.43612101E+01
   0.23040000E+02  -0.43680164E+01
   0.23050000E+02  -0.43741541E+01
   0.23060000E+02  -0.43800913E+01
   0.23070000E+02  -0.43861508E+01
   0.23080000E+02  -0.43930120E+01
   0.23090000E+02  -0.43993711E+01
   0.23100000E+02  -0.44052729E+01
   0.23110000E+02  -0.44111988E+01
   0.23120000E+02  -0.44179528E+01
   0.23130000E+02  -0.44245828E+01
   0.23140000E+02  -0.44304730E+01
   0.23150000E+02  -0.44363988E+01
   0.23160000E+02  -0.44428454E+01
   0.23170000E+02  -0.44497206E+01
   0.23180000E+02  -0.44557593E+01
   0.23190000E+02  -0.44616642E+01
   0.23200000E+02  -0.44677620E+01
   0.23210000E+02  -0.44747572E+01
   0.23220000E+02  -0.44810374E+01
   0.23230000E+02  -0.44868977E+01
   0.23240000E+02  -0.44927804E+01
   0.23250000E+02  -0.44997131E+01
   0.23260000E+02  -0.45063122E+01
   0.23270000E+02  -0.45121227E+01
   0.23280000E+02  -0.45179841E+01
   0.23290000E+02  -0.45246033E+01
   0.23300000E+02  -0.45315283E+01
   0.23310000E+02  -0.45374454E+01
   0.23320000E+02  -0.45433028E+01
   0.23330000E+02  -0.45494866E+01
   0.23340000E+02  -0.45566159E+01
   0.23350000E+02  -0.45627943E+01
   0.23360000E+02  -0.45686047E+01
   0.23370000E+02  -0.45744627E+01
   0.23380000E+02  -0.45815893E+01
   0.23390000E+02  -0.45881249E+01
   0.23400000E+02  -0.45938657E+01
   0.23410000E+02  -0.45996383E+01
   0.23420000E+02  -0.46064837E+01
   0.23430000E+02  -0.46134268E+01
   0.23440000E+02  -0.46192032E+01
   0.23450000E+02  -0.46250008E+01
   0.23460000E+02  -0.46313316E+01
   0.23470000E+02  -0.46385789E+01
   0.23480000E+02  -0.46446354E+01
   0.23490000E+02  -0.46503835E+01
   0.23500000E+02  -0.46562553E+01
   0.23510000E+02  -0.46635797E+01
   0.23520000E+02  -0.46700235E+01
   0.23530000E+02  -0.46756911E+01
   0.23540000E+02  -0.46813693E+01
   0.23550000E+02  -0.46884844E+01
   0.23560000E+02  -0.46954085E+01
   0.23570000E+02  -0.47010308E+01
   0.23580000E+02  -0.47067520E+01
   0.23590000E+02  -0.47133009E+01
   0.23600000E+02  -0.47206386E+01
   0.23610000E+02  -0.47265432E+01
   0.23620000E+02  -0.47322213E+01
   0.23630000E+02  -0.47381612E+01
   0.23640000E+02  -0.47456798E+01
   0.23650000E+02  -0.47520069E+01
   0.23660000E+02  -0.47575920E+01
   0.23670000E+02  -0.47631911E+01
   0.23680000E+02  -0.47705967E+01
   0.23690000E+02  -0.47774618E+01
   0.23700000E+02  -0.47829389E+01
   0.23710000E+02  -0.47885562E+01
   0.23720000E+02  -0.47954011E+01
   0.23730000E+02  -0.48027866E+01
   0.23740000E+02  -0.48084917E+01
   0.23750000E+02  -0.48141001E+01
   0.23760000E+02  -0.48201853E+01
   0.23770000E+02  -0.48278811E+01
   0.23780000E+02  -0.48340556E+01
   0.23790000E+02  -0.48395682E+01
   0.23800000E+02  -0.48451203E+01
   0.23810000E+02  -0.48528127E+01
   0.23820000E+02  -0.48595669E+01
   0.23830000E+02  -0.48649406E+01
   0.23840000E+02  -0.48704160E+01
   0.23850000E+02  -0.48776238E+01
   0.23860000E+02  -0.48850082E+01
   0.23870000E+02  -0.48904721E+01
   0.23880000E+02  -0.48960202E+01
   0.23890000E+02  -0.49023377E+01
   0.23900000E+02  -0.49101803E+01
   0.23910000E+02  -0.49161567E+01
   0.23920000E+02  -0.49216111E+01
   0.23930000E+02  -0.49271772E+01
   0.23940000E+02  -0.49351333E+01
   0.23950000E+02  -0.49417188E+01
   0.23960000E+02  -0.49470280E+01
   0.23970000E+02  -0.49523472E+01
   0.23980000E+02  -0.49599571E+01
   0.23990000E+02  -0.49672819E+01
   0.24000000E+02  -0.49725022E+01
